,Outcome,Prediction,ProbA,ProbD,ProbH
6120,0,1,0.44767664588529965,0.451683761257122,0.10063959285757847
6121,0,0,0.4566734433573817,0.4199541465113832,0.12337241013123522
6122,1,0,0.610217390010221,0.3612085401535518,0.028574069836227192
6123,1,0,0.6645727777946993,0.3168979257853127,0.01852929641998809
6124,2,1,0.31003751742468766,0.4957011027490579,0.19426137982625455
6125,0,0,0.46120488976599533,0.4427681613175025,0.09602694891650224
6126,1,1,0.21931662816838393,0.3966238222727746,0.38405954955884153
6127,0,0,0.49634628273284365,0.4096084430475743,0.09404527421958216
6128,2,1,0.34965638303426205,0.3820018886929687,0.2683417282727692
6129,2,0,0.5404065719837916,0.4026789243968825,0.05691450361932598
6130,0,1,0.32702195899950876,0.5311038269337183,0.14187421406677297
6131,2,1,0.28713297169866886,0.39949423250843435,0.3133727957928968
6132,0,0,0.49417621997560873,0.3811650420024053,0.12465873802198589
6133,1,0,0.5099253312669423,0.4002902453259138,0.08978442340714386
6134,1,0,0.5383108385022468,0.3783828347791597,0.08330632671859349
6135,0,0,0.6054839834314004,0.3522664014249983,0.04224961514360121
6136,2,1,0.3862740194152468,0.43421526300993996,0.17951071757481307
6137,2,2,0.29566330203441993,0.33123853219630855,0.3730981657692714
6138,2,1,0.3985096768976698,0.492655634871426,0.10883468823090414
6139,0,1,0.3015368998596522,0.5077967312431104,0.1906663688972374
6140,0,0,0.6407288438872322,0.3318095131076969,0.027461643005070847
6141,2,1,0.45128006074325133,0.46259190389819166,0.08612803535855701
6142,0,0,0.4767284286794009,0.44892706713433317,0.07434450418626581
6143,1,1,0.36757274241518006,0.501412878674584,0.131014378910236
6144,1,0,0.4158401235908203,0.4039351774943084,0.18022469891487136
6145,1,0,0.41933806083031405,0.38418225218255525,0.19647968698713078
6146,0,0,0.6265911108545326,0.33684640822602935,0.03656248091943814
6147,2,1,0.4318525001231502,0.46101262429784207,0.1071348755790077
6148,1,0,0.5036956049506613,0.393616330131736,0.10268806491760267
6149,1,1,0.3083716628988678,0.5258149130856439,0.16581342401548832
6150,0,0,0.5357975163984748,0.40524968911140063,0.058952794490124534
6151,0,1,0.40469759036203723,0.42178796956921505,0.17351444006874778
6152,1,1,0.3108080046044266,0.5022472956400761,0.18694469975549743
6153,0,1,0.4156739218085755,0.4728089489426946,0.11151712924872986
6154,1,1,0.37853673979722746,0.40757571734040987,0.21388754286236267
6155,0,0,0.4716488660855655,0.39565566508149724,0.13269546883293726
6156,2,1,0.4426136797987139,0.4457086788041914,0.11167764139709475
6157,2,0,0.554552365944706,0.39547144299732795,0.04997619105796614
6158,0,0,0.7070800500846961,0.27975635684359385,0.01316359307170997
6159,2,0,0.5035600782801533,0.4241092386937902,0.07233068302605657
6160,0,0,0.5532138479006985,0.3684633495539614,0.07832280254534023
6161,0,0,0.6786809469802996,0.3052857189682351,0.01603333405146537
6162,2,1,0.30782945135447537,0.40818382595442987,0.28398672269109476
6163,2,1,0.2586638323728562,0.4853580594112666,0.2559781082158772
6164,2,0,0.46920114393876344,0.4241121488753555,0.10668670718588118
6165,2,0,0.34386565398224694,0.3385748334583782,0.317559512559375
6166,2,1,0.4026496054978062,0.4743702653982256,0.12298012910396829
6167,2,1,0.30992021040645296,0.506533577410877,0.18354621218266998
6168,2,1,0.37660865903385216,0.39991400043892594,0.22347734052722187
6169,2,0,0.4484453356694862,0.43529768762249915,0.11625697670801453
6170,0,1,0.3578401661987933,0.5483141333828658,0.09384570041834092
6171,0,0,0.5377254755181732,0.3914774093885704,0.07079711509325648
6172,2,1,0.39653134221722736,0.5086570587666756,0.09481159901609705
6173,2,1,0.4245300221103491,0.45941388781855136,0.11605609007109957
6174,2,0,0.43873712638619666,0.4248841468878716,0.13637872672593163
6175,2,1,0.38844221519648886,0.4550769230011067,0.1564808618024045
6176,1,0,0.47620042481055525,0.4157526595389949,0.10804691565044994
6177,1,0,0.5492553171216622,0.39039274691045295,0.06035193596788479
6178,0,0,0.5278089911588596,0.3964887856585619,0.07570222318257859
6179,1,0,0.5381100960653864,0.3389354136037147,0.12295449033089886
6180,2,2,0.30610072307222097,0.3447952840447465,0.3491039928830325
6181,2,2,0.21929959110917058,0.2948319851268688,0.48586842376396056
6182,0,0,0.4572743520719804,0.39034777394104464,0.15237787398697486
6183,2,0,0.4497810333417022,0.4459829521031542,0.10423601455514357
6184,0,1,0.460256554221428,0.46228502641676594,0.07745841936180609
6185,2,2,0.2857235468410803,0.33102497667880076,0.38325147648011887
6186,1,1,0.3362516442027753,0.5258590410958798,0.13788931470134488
6187,0,0,0.5793868186996515,0.37093470346699264,0.04967847783335584
6188,2,1,0.40829108718894874,0.43651713908226086,0.15519177372879045
6189,0,0,0.6234179586917128,0.34684085635742123,0.02974118495086601
6190,2,0,0.42404316079338433,0.38460990616210133,0.19134693304451425
6191,2,1,0.25944507605121725,0.4684921491936272,0.2720627747551556
6192,2,1,0.3021684178994887,0.4993848112437753,0.1984467708567359
6193,2,1,0.43970888834869415,0.47032525168359235,0.08996585996771365
6194,2,1,0.41307793679536203,0.5202466885144966,0.06667537469014138
6195,2,0,0.47106934100286557,0.45022742627348983,0.0787032327236445
6196,2,1,0.40205330370828785,0.44756312799635023,0.15038356829536187
6197,0,0,0.636054297275123,0.33548921822711736,0.028456484497759532
6198,2,0,0.5833451861371433,0.3752586577212204,0.04139615614163638
6199,2,2,0.2854894505774999,0.3351167186550411,0.37939383076745903
6200,1,0,0.527682761435502,0.3733864093663931,0.09893082919810492
6201,0,1,0.4152859275878774,0.46966916906072437,0.1150449033513983
6202,0,0,0.6923497519031766,0.29443191783391387,0.013218330262909493
6203,0,0,0.5058069908934066,0.4353088768106561,0.058884132295937294
6204,2,0,0.5915314701996475,0.36254011389496843,0.04592841590538402
6205,0,0,0.5076855192373212,0.40153251663303624,0.09078196412964251
6206,2,0,0.46434429144031375,0.4354691054829655,0.10018660307672077
6207,2,1,0.40241512768504883,0.4154164010323195,0.1821684712826317
6208,2,1,0.30185641475103925,0.48275834049638977,0.21538524475257098
6209,1,0,0.3833161029407946,0.3525597729351747,0.2641241241240308
6210,2,0,0.49141416131712773,0.46156140389107786,0.04702443479179447
6211,2,1,0.2930397448185417,0.4750941705732935,0.23186608460816488
6212,2,0,0.47608007127276275,0.4459622989914057,0.0779576297358316
6213,0,1,0.4311664466736909,0.469042311747741,0.09979124157856813
6214,2,1,0.42791920453520554,0.44748416633177696,0.12459662913301756
6215,1,0,0.4418900558767744,0.4070168991572079,0.15109304496601766
6216,0,0,0.3864213299655294,0.34826454896133774,0.26531412107313285
6217,0,0,0.5902177493674904,0.36820736103261265,0.04157488959989691
6218,2,0,0.40303262971649517,0.3511674656513299,0.24579990463217483
6219,0,0,0.637270616034045,0.33871618248231344,0.024013201483641618
6220,2,0,0.5572343791882821,0.3789979145978327,0.06376770621388524
6221,1,0,0.6857311048955962,0.30051260839537275,0.013756286709031099
6222,2,1,0.28892951290356933,0.5313411952601983,0.1797292918362324
6223,2,0,0.4949465813990401,0.4073971870638832,0.09765623153707668
6224,2,0,0.4467368642612192,0.4404177303167175,0.11284540542206326
6225,2,1,0.36185461823420817,0.390650100687493,0.24749528107829893
6226,0,0,0.5613294856881654,0.38191474825945404,0.05675576605238054
6227,1,0,0.4579069923168488,0.4573997389849988,0.08469326869815243
6228,0,1,0.44054021352419503,0.4596162268656138,0.09984355961019103
6229,2,1,0.28024718118273373,0.4876608106875019,0.23209200812976433
6230,2,0,0.48906445788183156,0.44514422066084963,0.06579132145731888
6231,2,0,0.44723808828582157,0.43145702318740364,0.12130488852677476
6232,2,1,0.3349767044475901,0.36168384342651266,0.3033394521258974
6233,2,0,0.48795039811912705,0.4453348428200389,0.066714759060834
6234,2,0,0.6181636612968582,0.3412345612770045,0.04060177742613728
6235,2,1,0.2264844503689753,0.4124982345621942,0.36101731506883045
6236,2,1,0.3985761678702829,0.4707258117803961,0.1306980203493209
6237,0,0,0.49540108247956854,0.4057758115982176,0.09882310592221401
6238,2,2,0.2890250611984545,0.31681214386993034,0.3941627949316151
6239,2,1,0.41647404121549453,0.4275292993047975,0.15599665947970803
6240,1,1,0.4437177426992146,0.45704895882538893,0.09923329847539657
6241,1,0,0.5561583789898689,0.3805108658432234,0.06333075516690785
6242,2,1,0.3263610337255033,0.39973643902429534,0.2739025272502015
6243,1,0,0.5112262103757286,0.44197262156750067,0.04680116805677064
6244,2,0,0.5960916188577124,0.35635530735676096,0.0475530737855265
6245,2,1,0.3359959681510819,0.5433085735864893,0.12069545826242874
6246,2,0,0.4771370992702477,0.4055883070184497,0.11727459371130262
6247,2,1,0.29367131663678614,0.48139797094749537,0.22493071241571846
6248,2,0,0.49888452960720064,0.42865508640681477,0.07246038398598457
6249,2,0,0.46093029744910663,0.43120446108415134,0.10786524146674205
6250,0,0,0.6811901749136142,0.3035194428366723,0.015290382249713519
6251,0,1,0.2704264271075589,0.47739535399563615,0.252178218896805
6252,2,1,0.3995385698929229,0.4325350431218882,0.16792638698518897
6253,2,1,0.3480222547799978,0.41659078365684876,0.2353869615631534
6254,1,0,0.6129007808463945,0.35405849594164795,0.03304072321195746
6255,0,1,0.28621961703377113,0.3802129446509234,0.33356743831530544
6256,1,1,0.3249198450483009,0.5596979126617674,0.11538224228993164
6257,2,2,0.23781790218880108,0.30055725195365723,0.4616248458575417
6258,2,1,0.4420357494530804,0.48104956391744835,0.07691468662947136
6259,0,0,0.5355876488086756,0.39740720489876713,0.06700514629255729
6260,1,0,0.5291286296767634,0.41756411535409665,0.053307254969139906
6261,0,0,0.4977934015932744,0.4107856333435972,0.09142096506312851
6262,0,0,0.5324391526905412,0.42274803962982305,0.044812807679635726
6263,1,0,0.577218069243843,0.36140355474343727,0.06137837601271976
6264,0,1,0.4244522681269013,0.45354219525181194,0.12200553662128667
6265,1,0,0.4634898274171748,0.4322556723930372,0.10425450018978798
6266,2,1,0.33991075296033463,0.537489530966778,0.12259971607288737
6267,0,1,0.430304424328698,0.46495338611847103,0.10474218955283089
6268,0,0,0.5626956253018264,0.3837593112655169,0.053545063432656706
6269,2,1,0.2979043311335918,0.5078677200371063,0.19422794882930175
6270,2,0,0.566890716594311,0.36180158037168036,0.07130770303400866
6271,2,0,0.6063692515669578,0.349171332490088,0.04445941594295419
6272,0,0,0.5021074339502615,0.40467839699683245,0.09321416905290607
6273,2,1,0.395568807547157,0.5390954649600014,0.06533572749284157
6274,1,0,0.45010073969571146,0.40028717906085237,0.14961208124343614
6275,2,1,0.2834160228924027,0.3800700821746997,0.33651389493289763
6276,2,0,0.6159813278648303,0.3519068563386234,0.03211181579654643
6277,1,0,0.39413761234028377,0.3938206778697098,0.2120417097900064
6278,2,1,0.2928508959973179,0.360001665263063,0.3471474387396192
6279,2,1,0.4395352980910174,0.4700243402752257,0.09044036163375678
6280,0,0,0.5261159728351742,0.3876195972423117,0.0862644299225141
6281,2,1,0.4239735496711709,0.4672857204501622,0.10874072987866683
6282,1,0,0.5003712889386416,0.4302349972369996,0.06939371382435874
6283,0,0,0.5306792910894086,0.4099381152059039,0.05938259370468756
6284,2,1,0.38872951293870267,0.4469214958730721,0.16434899118822519
6285,1,0,0.5296964956888875,0.40944607224102164,0.06085743207009094
6286,0,1,0.40497197818469455,0.4561314181750175,0.13889660364028794
6287,1,0,0.6196542894173684,0.3525815872717569,0.027764123310874644
6288,2,2,0.1549785538573792,0.32993500784067437,0.5150864383019464
6289,2,0,0.4698860875614446,0.4023469372173343,0.12776697522122107
6290,2,1,0.3079220846714524,0.509698200261955,0.18237971506659262
6291,2,1,0.4203767201562765,0.4437581215383425,0.1358651583053811
6292,0,0,0.5080674497398232,0.40423065149803866,0.0877018987621381
6293,0,0,0.5581102574944583,0.38369317160049676,0.058196570905044896
6294,0,0,0.5247741330736113,0.418601350565447,0.056624516360941714
6295,1,0,0.5145794340630417,0.40122014731219807,0.08420041862476017
6296,1,1,0.4114761264407328,0.5112957171765455,0.07722815638272167
6297,2,0,0.6393303258701057,0.33034092151441774,0.030328752615476445
6298,1,1,0.4189516107103875,0.4370535324437132,0.14399485684589933
6299,1,1,0.20416134863967345,0.4080950231219508,0.38774362823837566
6300,2,1,0.2650740361322516,0.4997490760625837,0.23517688780516463
6301,1,0,0.4997399265450039,0.41835519326648385,0.08190488018851232
6302,2,1,0.3706841674634302,0.46220229756517794,0.16711353497139192
6303,2,1,0.3662409766291657,0.521954655646863,0.11180436772397137
6304,2,0,0.4735098318228214,0.4260448532315694,0.10044531494560922
6305,2,0,0.46528614961319803,0.38153946609295425,0.1531743842938477
6306,2,0,0.48493148214954684,0.46129678687045356,0.05377173097999953
6307,1,0,0.503398317738076,0.4171298709184969,0.07947181134342719
6308,2,0,0.5021803027581973,0.3661104566886257,0.131709240553177
6309,2,1,0.4121476955522197,0.4227963357241876,0.1650559687235927
6310,2,0,0.501263285857513,0.4062420223304362,0.09249469181205083
6311,1,1,0.42597854161422183,0.4434888905102743,0.13053256787550394
6312,2,1,0.305029127237223,0.38149350340653715,0.3134773693562399
6313,1,0,0.5039131562590663,0.4411951417966372,0.05489170194429644
6314,2,1,0.31899649532993446,0.5720084883823432,0.10899501628772235
6315,2,0,0.5444018807250041,0.4125124303999502,0.04308568887504564
6316,2,0,0.47948815613972007,0.41581003811672684,0.10470180574355299
6317,2,0,0.5811918354267532,0.38179224563886444,0.03701591893438241
6318,0,0,0.6081138201232256,0.36553835957902875,0.02634782029774565
6319,1,1,0.4608748231189691,0.4879520717125278,0.05117310516850294
6320,2,1,0.4282636348072435,0.5024440968993977,0.06929226829335877
6321,2,2,0.1596549195873638,0.3447776469868321,0.49556743342580406
6322,0,0,0.5617020504204745,0.3867610425531407,0.051536907026384804
6323,1,0,0.49333037560825604,0.407429020852319,0.09924060353942503
6324,0,0,0.5610346633592562,0.3862552450366321,0.05271009160411161
6325,0,1,0.3793912324626707,0.5275965425781058,0.0930122249592234
6326,2,1,0.43625120878323875,0.4706431354817586,0.09310565573500262
6327,2,1,0.32110172778778934,0.3807179093727387,0.2981803628394719
6328,1,1,0.4360111539850697,0.4451984481333906,0.11879039788153967
6329,0,0,0.44707050365125856,0.44334471855229207,0.1095847777964495
6330,2,1,0.29730474705829846,0.537733893303857,0.1649613596378447
6331,2,1,0.38468781182000017,0.467499162014702,0.147813026165298
6332,0,0,0.587513100463837,0.3853961683061063,0.027090731230056845
6333,2,0,0.6416284086575871,0.32925715693049895,0.029114434411914067
6334,2,0,0.45861918881818065,0.4209706244087971,0.12041018677302222
6335,1,0,0.47378312562507474,0.4211761235471073,0.10504075082781802
6336,1,1,0.416640221372466,0.43558580507740174,0.14777397355013228
6337,2,0,0.5062303193150539,0.41539464884677635,0.07837503183816981
6338,0,0,0.5101298101300493,0.4469894790228085,0.0428807108471422
6339,2,0,0.5692066071701395,0.391448600164,0.03934479266586054
6340,1,0,0.428909181798183,0.3685171449310775,0.20257367327073947
6341,2,0,0.5246286543730697,0.43672287446215313,0.03864847116477719
6342,0,0,0.37421003221284427,0.3622308683141044,0.26355909947305134
6343,1,1,0.45178885480000247,0.4822296487766211,0.0659814964233766
6344,2,1,0.4134767061922727,0.45577575466639103,0.13074753914133622
6345,2,1,0.4408153811112238,0.4627758446661174,0.09640877422265894
6346,2,1,0.3044556501805812,0.5931966768924904,0.10234767292692826
6347,0,0,0.6193778754757323,0.3471304358339318,0.033491688690335905
6348,2,1,0.2697380154915222,0.49072018255538324,0.23954180195309457
6349,2,1,0.37163905432660044,0.42882861999615024,0.19953232567724932
6350,2,1,0.30805300591749085,0.49900226037165174,0.19294473371085752
6351,0,0,0.6183405238786693,0.35152139542753047,0.03013808069380017
6352,2,1,0.4462692776209792,0.4602071358353821,0.09352358654363864
6353,0,0,0.5319024477595099,0.43264737263816727,0.035450179602322766
6354,2,1,0.399262438600375,0.44653129823617455,0.1542062631634505
6355,0,1,0.4357772871349864,0.49145556797016543,0.07276714489484808
6356,2,1,0.38764966311824633,0.4798775249615806,0.13247281192017302
6357,0,0,0.5743584688477184,0.39516832501622096,0.03047320613606066
6358,0,0,0.5124134293639998,0.4476877826885529,0.03989878794744726
6359,0,0,0.5168350863430468,0.421973980846291,0.0611909328106621
6360,1,0,0.4818832274790703,0.4625178330852345,0.05559893943569509
6361,1,1,0.3290434167081402,0.48738460776969905,0.1835719755221607
6362,2,1,0.39937370563140606,0.48010598547088945,0.12052030889770456
6363,2,1,0.35230945243483014,0.42272092724596816,0.22496962031920176
6364,0,1,0.4698250636296954,0.48287896933695174,0.04729596703335283
6365,0,0,0.4876097311584781,0.45073604406368983,0.06165422477783209
6366,1,1,0.37038734975723353,0.4574768749694664,0.17213577527330007
6367,2,0,0.44152362607166123,0.43057035055920356,0.1279060233691352
6368,2,1,0.2764754090067424,0.4065258342343662,0.3169987567588914
6369,2,1,0.4432002403858719,0.4670718738630703,0.08972788575105772
6370,2,1,0.4548145404954604,0.4548233424243866,0.09036211708015301
6371,1,0,0.5569655760043689,0.41196166220566655,0.03107276178996447
6372,2,1,0.40311334505182006,0.479372505461936,0.11751414948624396
6373,2,1,0.39701439825355644,0.43606751267911475,0.16691808906732872
6374,2,1,0.3107370927300996,0.44518917093296656,0.24407373633693397
6375,2,1,0.3368298227227217,0.4600765762445783,0.20309360103269997
6376,1,0,0.4802961107191434,0.45946218004478717,0.06024170923606943
6377,1,0,0.5240127292390879,0.4404479977372942,0.03553927302361787
6378,1,1,0.41578618831336067,0.49103890015968454,0.09317491152695491
6379,2,1,0.4182442561244104,0.47848835773946014,0.10326738613612946
6380,0,1,0.39820603963125084,0.5030358388607317,0.09875812150801742
6381,1,1,0.42943071645291175,0.4725137739288634,0.09805550961822483
6382,2,0,0.5475584790500146,0.41460133137505717,0.03784018957492834
6383,1,0,0.5584482389278942,0.3998188005611988,0.04173296051090697
6384,0,0,0.5077895954682832,0.43431800096274753,0.0578924035689693
6385,2,1,0.3023700481389394,0.36322434645271096,0.33440560540834957
6386,0,1,0.37699102027152936,0.4874510036760668,0.13555797605240386
6387,1,1,0.3498851356735212,0.4830343056861313,0.16708055864034763
6388,0,1,0.4213129935912807,0.4909601909548812,0.08772681545383804
6389,1,1,0.35371211781033474,0.41287682441791207,0.23341105777175322
6390,2,1,0.3705569666796212,0.47116688876945795,0.15827614455092076
6391,0,0,0.5119802954772235,0.4390971883630309,0.04892251615974563
6392,1,0,0.4656542710271297,0.4535844281550985,0.08076130081777183
6393,0,0,0.5298234839616434,0.44456851255976176,0.025608003478594907
6394,1,1,0.42636095802177015,0.4648647127058781,0.10877432927235166
6395,1,1,0.4328696097159286,0.48449354962463864,0.08263684065943265
6396,0,0,0.5580166766219679,0.4162062378338825,0.02577708554414958
6397,2,1,0.40393765687485395,0.4897304880556008,0.10633185506954511
6398,1,0,0.4815064662997482,0.4577472536530574,0.06074628004719454
6399,2,1,0.41871628846820336,0.47985865893653895,0.10142505259525758
6400,0,0,0.4772582065313104,0.4653274968820282,0.05741429658666138
6401,1,0,0.4766763777476535,0.4288686325949706,0.09445498965737589
6402,2,1,0.47862186751571695,0.4869384123272153,0.034439720157067887
6403,1,0,0.553709320390178,0.4073230402697759,0.038967639340046135
6404,1,0,0.571952665841515,0.39335743169824344,0.03468990246024153
6405,2,1,0.392994234259624,0.5001537910787778,0.10685197466159813
6406,2,1,0.30428368957680535,0.4007282940973035,0.2949880163258911
6407,2,1,0.40603809160549076,0.4765096269898299,0.11745228140467939
6408,0,0,0.46483100655105586,0.45499954587594066,0.08016944757300357
6409,2,0,0.4773918275147018,0.45153740704855744,0.07107076543674079
6410,0,0,0.5255125422583218,0.4430597988605936,0.031427658881084654
6411,0,1,0.4679181716756489,0.46901365023663916,0.06306817808771202
6412,2,1,0.30058825091216307,0.4206750226042718,0.2787367264835651
6413,2,1,0.30032156959304657,0.45411347226857746,0.2455649581383759
6414,1,1,0.42296657270272825,0.5101406661768055,0.06689276112046624
6415,0,1,0.4665826437848249,0.4830254562802125,0.050391899934962625
6416,2,0,0.4698516913112709,0.4528010237662166,0.07734728492251246
6417,0,0,0.4722550599002461,0.43445174928480923,0.09329319081494476
6418,0,0,0.5278980809521462,0.4258926290480718,0.04620928999978203
6419,2,1,0.3833550397190008,0.4406728900786689,0.17597207020233024
6420,2,1,0.4011641268391401,0.5039615871579254,0.09487428600293464
6421,0,0,0.5234920363199747,0.41834515055936455,0.05816281312066069
6422,2,1,0.3851586137407037,0.407347697970653,0.2074936882886434
6423,2,1,0.4043988519640106,0.4866561360258846,0.10894501201010484
6424,1,0,0.4685512014425118,0.45707721821999975,0.07437158033748836
6425,1,0,0.48658881518323643,0.4631847100657281,0.05022647475103548
6426,2,1,0.36083799596966626,0.41236180966772107,0.22680019436261267
6427,0,0,0.5367387118390198,0.4337566141381767,0.029504674022803466
6428,2,1,0.4060617517272157,0.4868623396071017,0.10707590866568267
6429,1,0,0.5108593021712694,0.4537488257175793,0.03539187211115123
6430,1,0,0.48247372123026133,0.46088976003777,0.05663651873196862
6431,2,1,0.3654400594954348,0.46626566244775813,0.16829427805680716
6432,0,1,0.36713806577007907,0.49260259888317487,0.14025933534674595
6433,0,0,0.554106322590136,0.424806902148419,0.021086775261444934
6434,1,1,0.47672000152166405,0.48094105047878993,0.04233894799954603
6435,1,1,0.4137964382774821,0.503307555621764,0.08289600610075396
6436,2,1,0.3722592155447427,0.4839598333019443,0.14378095115331285
6437,1,1,0.40787336347931025,0.44605072523612677,0.14607591128456304
6438,2,0,0.45752093664509186,0.44917193945598866,0.09330712389891956
6439,0,0,0.5450622428755003,0.40693755606672927,0.048000201057770475
6440,2,1,0.34077339067831686,0.3803492324101871,0.27887737691149617
6441,2,1,0.45261786893264555,0.47132311427716034,0.076059016790194
6442,2,1,0.45443279876879944,0.4676188933707928,0.07794830786040781
6443,2,0,0.4879126753213571,0.4614284731555918,0.05065885152305094
6444,0,1,0.3557630353554048,0.46980526040887916,0.1744317042357161
6445,2,0,0.4950979930158302,0.45375998209194857,0.051142024892221145
6446,1,1,0.37738415466238134,0.4133814060590833,0.2092344392785352
6447,0,1,0.3820100405254067,0.46504916832490734,0.15294079114968595
6448,1,1,0.35174299145412713,0.4818410446776438,0.166415963868229
6449,1,0,0.5022201458005646,0.45898341400149684,0.03879644019793855
6450,0,1,0.4084771992362357,0.45442777527620604,0.13709502548755825
6451,2,1,0.36468901663019515,0.48731869418511764,0.14799228918468724
6452,1,1,0.39890835893736526,0.5244951235413621,0.07659651752127274
6453,2,1,0.31606157955753283,0.460218375041096,0.22372004540137128
6454,1,1,0.4100362710475332,0.5234551078362467,0.06650862111622018
6455,0,0,0.527831935376881,0.43598252512792224,0.03618553949519672
6456,0,1,0.4216395468291717,0.4443605157546832,0.133999937416145
6457,2,1,0.4005409788875745,0.4262231788132512,0.17323584229917435
6458,0,0,0.5347536893743539,0.4129258807796914,0.05232042984595462
6459,1,1,0.45096920325231843,0.4871622213263186,0.0618685754213629
6460,0,0,0.47008969243377235,0.4589820477571087,0.07092825980911883
6461,0,1,0.44487014824708954,0.4961672828591825,0.058962568893728064
6462,0,0,0.5436130467978766,0.432042416228735,0.024344536973388366
6463,1,1,0.3691575188778602,0.44257539842874816,0.18826708269339174
6464,2,0,0.4802734016318142,0.4741486417688754,0.04557795659931029
6465,0,0,0.5817063839744147,0.3960233918287125,0.02227022419687284
6466,0,1,0.4373562151988516,0.44226542745711617,0.1203783573440322
6467,2,1,0.39565736022871906,0.4558430456590755,0.14849959411220548
6468,2,1,0.4012561773149982,0.5104140230274352,0.08832979965756654
6469,0,0,0.4787109639284541,0.47753379585128225,0.04375524022026379
6470,2,1,0.3403556977477098,0.4360060509375726,0.22363825131471757
6471,0,1,0.4293466033297318,0.45381214100279366,0.11684125566747461
6472,2,1,0.4113713531179569,0.46904554515879093,0.11958310172325229
6473,1,0,0.5416527792812047,0.4214032024632298,0.03694401825556541
6474,0,1,0.4375470641976174,0.48952496281815155,0.07292797298423105
6475,0,0,0.4470277929745243,0.4360613347996709,0.11691087222580482
6476,2,1,0.3868198544284994,0.46814852897483183,0.1450316165966688
6477,1,0,0.512502209202393,0.4177916066298213,0.06970618416778573
6478,0,1,0.41953965393479825,0.49295049458733153,0.08750985147787026
6479,0,1,0.44259636009789693,0.5073426680171552,0.050060971884947854
6480,0,0,0.48089820917726417,0.4507907139374982,0.06831107688523749
6481,1,0,0.5511047196867377,0.41449293250255137,0.034402347810710936
6482,1,1,0.4200282212526718,0.46459057595746767,0.11538120278986035
6483,0,0,0.5373789151357509,0.4225168941665681,0.04010419069768112
6484,0,1,0.3894841507821379,0.451823959923501,0.15869188929436118
6485,2,0,0.480702405436344,0.4540196327266471,0.06527796183700897
6486,1,1,0.45520195758793,0.46365288682885664,0.08114515558321345
6487,2,1,0.43253464811039977,0.5039043335698059,0.06356101831979419
6488,2,1,0.4378183934368941,0.47566658242692517,0.0865150241361808
6489,0,0,0.47348791791929157,0.41131426946597494,0.11519781261473346
6490,0,1,0.4561371403460286,0.4770861294593153,0.06677673019465623
6491,0,0,0.4649942952602296,0.4580653056927743,0.07694039904699608
6492,2,1,0.3322660167299024,0.46065878874034694,0.20707519452975048
6493,1,1,0.3583170804331628,0.48676634276724995,0.15491657679958715
6494,0,0,0.5498125324448101,0.41521317162325383,0.03497429593193593
6495,0,1,0.440080593513551,0.45890738893463184,0.1010120175518171
6496,0,0,0.4924052365596817,0.45930166660568894,0.048293096834629325
6497,0,0,0.5375978047896202,0.43271631487785234,0.02968588033252754
6498,2,1,0.4223889079632882,0.42732534606262507,0.15028574597408673
6499,0,1,0.4341852957555961,0.44731468478942477,0.11850001945497912
6500,2,1,0.3166003150216463,0.46782676120008426,0.2155729237782693
6501,1,0,0.507635358427994,0.4208599151766035,0.07150472639540248
6502,1,1,0.4338034508872024,0.46817970911911994,0.09801683999367775
6503,1,1,0.4662376138526644,0.47006893393000115,0.06369345221733447
6504,2,0,0.4529315614852253,0.4211271809711191,0.12594125754365565
6505,0,1,0.388842755029762,0.4847525955663311,0.1264046494039068
6506,1,0,0.47416909217948744,0.4595448245196089,0.06628608330090374
6507,2,1,0.42002459213042687,0.48894521247017997,0.09103019539939312
6508,2,1,0.2828016767904973,0.39135220218316596,0.3258461210263367
6509,2,1,0.4567682724213094,0.4676699889204173,0.07556173865827319
6510,0,0,0.5795489717210555,0.39655476058796923,0.023896267690975234
6511,0,1,0.4212300746328686,0.4622648008155436,0.1165051245515878
6512,2,1,0.4007509410579059,0.41924383002737,0.18000522891472415
6513,0,0,0.48507014132476167,0.3979730537945329,0.11695680488070556
6514,1,0,0.4790592945211578,0.44086856050110046,0.0800721449777416
6515,0,0,0.5232298499987129,0.454281691077852,0.02248845892343504
6516,2,1,0.3808962536371051,0.4829002520435477,0.13620349431934722
6517,0,1,0.4093122831092629,0.4600581371594455,0.13062957973129166
6518,2,0,0.4966189643152713,0.4417192288050769,0.06166180687965172
6519,0,0,0.4501241329989528,0.4246443658490021,0.1252315011520451
6520,2,0,0.5094401163601197,0.432085485797952,0.058474397841928476
6521,2,1,0.38108652514162883,0.4130528458924029,0.2058606289659682
6522,1,0,0.46429795931289414,0.458046559415566,0.07765548127153975
6523,2,0,0.46313733777979876,0.4356648219476204,0.10119784027258098
6524,1,1,0.37201682933096586,0.4590860815240255,0.16889708914500876
6525,2,1,0.45913011467329495,0.46122517060363827,0.0796447147230667
6526,1,1,0.3470689187466429,0.48490611596669003,0.16802496528666694
6527,1,1,0.4520715495463587,0.4597250661377352,0.08820338431590603
6528,2,0,0.4776073742588069,0.4359360355807493,0.0864565901604439
6529,2,1,0.4305257686591945,0.44014833975129397,0.12932589158951155
6530,0,0,0.5086113646739335,0.41349920463956297,0.07788943068650345
6531,1,0,0.4848478931225127,0.40865008015644316,0.10650202672104415
6532,0,0,0.49257683591412604,0.4282091790131404,0.07921398507273357
6533,0,0,0.5570513123188684,0.4055031531265432,0.037445534554588274
6534,1,1,0.40433660541948296,0.4694745213851096,0.12618887319540747
6535,2,0,0.47086901078849536,0.43376884625779033,0.09536214295371445
6536,2,1,0.36465177478883426,0.41615196188470305,0.21919626332646275
6537,2,0,0.47764052245604155,0.44320517263136533,0.07915430491259315
6538,2,1,0.39724149920718116,0.4744176931422264,0.12834080765059255
6539,0,0,0.4333246186762887,0.4265173983098156,0.1401579830138958
6540,1,0,0.553429309967753,0.42153257437654323,0.02503811565570374
6541,0,0,0.5689454246702007,0.39205233341109597,0.039002241918703315
6542,2,1,0.3886591976988956,0.47324047491316773,0.13810032738793668
6543,2,1,0.39966540817767376,0.40918658204950165,0.1911480097728246
6544,2,1,0.3939166715726715,0.4455348672359204,0.1605484611914082
6545,0,1,0.40989646807877567,0.4953814232209197,0.09472210870030456
6546,0,0,0.4661232095025322,0.4506803658095779,0.08319642468788993
6547,2,1,0.42146724212448117,0.4987357904900438,0.07979696738547495
6548,0,0,0.556983926612361,0.4011716731434182,0.041844400244220835
6549,2,1,0.42167843351673123,0.4898226000194051,0.08849896646386375
6550,1,0,0.5225182071788356,0.42255341354902154,0.054928379272142995
6551,1,1,0.4417654831342791,0.4472198057659791,0.11101471109974169
6552,2,0,0.5004174407531123,0.4019409691122667,0.09764159013462095
6553,2,0,0.40610992303368393,0.3960389529696352,0.19785112399668078
6554,2,1,0.33481773153093425,0.3721400827588027,0.29304218571026297
6555,1,1,0.37793313852770305,0.4867711759461446,0.1352956855261523
6556,1,0,0.5182455581376886,0.4254627924016224,0.056291649460689076
6557,2,1,0.47168196412801394,0.472348729254396,0.05596930661758986
6558,0,1,0.40860464495035875,0.4525702036903768,0.13882515135926435
6559,1,1,0.42168423063785543,0.4680521657918005,0.11026360357034408
6560,2,1,0.3939218576925187,0.4935980878850665,0.11248005442241484
6561,1,1,0.44977742150065897,0.460229506094591,0.08999307240475
6562,0,0,0.49355201284345235,0.42123638230006666,0.08521160485648097
6563,2,1,0.39925548536787164,0.41488958284804217,0.18585493178408619
6564,1,0,0.5083167297195643,0.38872003536656485,0.10296323491387074
6565,2,0,0.4662001486312875,0.43121399958222595,0.10258585178648644
6566,1,0,0.4580975022398236,0.45176242120456545,0.09014007655561095
6567,2,1,0.35181755471432535,0.43067016240861566,0.21751228287705907
6568,1,0,0.46596645708000817,0.4375369444451068,0.09649659847488506
6569,2,1,0.37566043274924077,0.4787661749740463,0.14557339227671298
6570,0,0,0.5181049123856901,0.4175066060370294,0.06438848157728053
6571,2,1,0.3684435165619998,0.411637246069497,0.21991923736850316
6572,0,0,0.5472725063556658,0.42767690834068334,0.025050585303650865
6573,2,1,0.4133896632214021,0.458616925436727,0.12799341134187095
6574,2,0,0.5153421620729303,0.426977009555306,0.057680828371763894
6575,0,0,0.45898782022208756,0.44407295278056097,0.0969392269973515
6576,2,1,0.4412562560294681,0.4718641580713802,0.0868795858991517
6577,0,0,0.5015937466837878,0.42012946290836667,0.0782767904078456
6578,2,1,0.37504532642716165,0.4729084953128912,0.15204617825994715
6579,1,1,0.4359517593625555,0.4502349331719718,0.11381330746547269
6580,2,1,0.4036842837111446,0.4544077382122476,0.14190797807660774
6581,0,1,0.43285406023775497,0.4381687088808827,0.12897723088136243
6582,1,0,0.4616523968748302,0.39871689135033517,0.13963071177483455
6583,0,0,0.4565349866933907,0.4263666530501604,0.1170983602564489
6584,0,0,0.5837752495575419,0.38639673497003196,0.029828015472426157
6585,1,1,0.4251793671609046,0.47903530663436394,0.09578532620473154
6586,0,0,0.5049015940639284,0.44449906483115625,0.050599341104915374
6587,1,1,0.3706969958032815,0.4281846225994572,0.2011183815972612
6588,2,0,0.4972339580166163,0.4256673148726023,0.07709872711078153
6589,2,1,0.4490352837108479,0.4622291993475949,0.08873551694155714
6590,2,0,0.4694206584049704,0.4610853200753271,0.06949402151970255
6591,1,1,0.4404016255554968,0.4637698318458679,0.09582854259863527
6592,1,0,0.4463604928186889,0.4117718587482779,0.14186764843303326
6593,2,1,0.29517514444562154,0.40718876755937344,0.297636087995005
6594,0,0,0.4722392045338809,0.4545326318771265,0.07322816358899253
6595,0,0,0.48119720878393596,0.43938580208448286,0.0794169891315812
6596,0,0,0.5352586898504113,0.4021905468976663,0.06255076325192241
6597,2,1,0.4298072615209756,0.46417013406594726,0.106022604413077
6598,2,1,0.3213897833596512,0.3758627864044566,0.3027474302358923
6599,0,0,0.5189647305658711,0.42855549606241494,0.052479773371713896
6600,2,0,0.36618389095324627,0.36437457422187347,0.2694415348248803
6601,2,1,0.4018760490878471,0.47937257900027047,0.11875137191188241
6602,0,0,0.5536020399016427,0.4005052703418879,0.04589268975646941
6603,1,1,0.3566828827784069,0.5146681185906213,0.1286489986309718
6604,2,0,0.4783844559498476,0.43353084658266433,0.0880846974674881
6605,2,1,0.36148920029402354,0.42000809866680255,0.21850270103917396
6606,0,0,0.4726284984572414,0.46088386750069205,0.0664876340420666
6607,2,1,0.46390872863638544,0.4697425429677752,0.06634872839583929
6608,0,0,0.501676796746529,0.423706663095519,0.07461654015795198
6609,0,1,0.4502759425681939,0.4605816247512014,0.08914243268060464
6610,0,0,0.5387428866460195,0.4308469471059709,0.030410166248009542
6611,0,0,0.6012843261716856,0.368127220699378,0.030588453128936384
6612,1,1,0.39742765107764194,0.4325282250966792,0.17004412382567885
6613,2,1,0.36605039278775053,0.46604193638912383,0.16790767082312563
6614,0,1,0.389929238119672,0.47795063549783656,0.13212012638249146
6615,2,1,0.3738517405421368,0.40085493967900937,0.22529331977885383
6616,2,0,0.45123123645736457,0.4497829687927886,0.09898579474984678
6617,2,0,0.480598399265176,0.436271428909453,0.08313017182537111
6618,2,0,0.47233387980906455,0.3962400079600078,0.1314261122309276
6619,0,0,0.45621953048424974,0.42665118312816025,0.11712928638758995
6620,1,0,0.41962317775231084,0.41120882444291085,0.16916799780477831
6621,0,0,0.48015201736383845,0.4334033949860446,0.08644458765011682
6622,2,1,0.4321028719270895,0.45891672161854896,0.1089804064543614
6623,2,1,0.4683321542185189,0.4752462688540016,0.05642157692747938
6624,2,1,0.37508486604575997,0.5081093161530323,0.11680581780120765
6625,0,0,0.582116817114635,0.3757689705747393,0.04211421231062568
6626,2,0,0.44076714596878497,0.4314323361470794,0.12780051788413554
6627,2,0,0.5624196782503429,0.4027756698886274,0.034804651861029774
6628,2,1,0.3537827830799552,0.41550280292729797,0.23071441399274686
6629,0,0,0.43325064664228263,0.41597830996044705,0.1507710433972703
6630,1,1,0.3811676818819413,0.4202062874490387,0.19862603066902004
6631,2,0,0.5071866645686955,0.4275691145205289,0.06524422091077554
6632,1,0,0.45718319430274956,0.4295313769685044,0.11328542872874607
6633,1,0,0.46464045494322953,0.4489114921750457,0.0864480528817248
6634,2,1,0.32947895593195775,0.41095890372467125,0.2595621403433711
6635,1,1,0.3998498985134403,0.4756555813346933,0.12449452015186628
6636,0,0,0.47596377412152324,0.4571752347809489,0.06686099109752783
6637,0,0,0.5146613595015491,0.4035421083794624,0.08179653211898849
6638,0,1,0.4169145172668014,0.4770157018157644,0.10606978091743419
6639,0,0,0.5199685741642085,0.43520318135966946,0.04482824447612213
6640,2,1,0.33561743113456033,0.4278005848794098,0.23658198398602992
6641,0,0,0.5091027277582082,0.4304736863015093,0.060423585940282486
6642,2,1,0.46717355362501584,0.4838642928829924,0.04896215349199184
6643,1,0,0.5117955827789156,0.43667338805668937,0.05153102916439508
6644,1,0,0.5420567247045354,0.39807860692025815,0.05986466837520656
6645,1,0,0.5339713945050322,0.4115969773612359,0.05443162813373193
6646,2,1,0.3201479504954819,0.40481367277750635,0.27503837672701176
6647,1,0,0.5064136196933055,0.4226523718620295,0.07093400844466498
6648,2,0,0.4837985615032242,0.4427826638533473,0.07341877464342851
6649,2,1,0.38383362566522095,0.4067644187260527,0.2094019556087263
6650,2,1,0.2969211763479263,0.39516559499644255,0.30791322865563114
6651,0,0,0.4244137231564004,0.414020506841984,0.16156577000161557
6652,2,1,0.39065505307190607,0.4595963536999666,0.14974859322812728
6653,1,0,0.5089764613662916,0.4321700060308097,0.05885353260289868
6654,0,0,0.537900628497392,0.42048152953729423,0.0416178419653139
6655,0,0,0.4650485097050753,0.44054025009762077,0.09441124019730394
6656,2,1,0.3946638457499987,0.39807271915099374,0.20726343509900755
6657,2,0,0.4892351855521812,0.42473942188265107,0.08602539256516764
6658,0,0,0.5508001415102044,0.4031359171749691,0.04606394131482651
6659,2,0,0.6083794867927135,0.34442370693576146,0.04719680627152515
6660,0,0,0.6004639990517371,0.3624666793078117,0.0370693216404513
6661,2,0,0.46297789074542645,0.45744767487952265,0.07957443437505086
6662,2,2,0.15248725091705434,0.32959153919794876,0.5179212098849969
6663,0,0,0.5865337720218173,0.3682256907155477,0.04524053726263494
6664,2,0,0.415244924688308,0.3911064732433776,0.1936486020683144
6665,0,0,0.5604079457885693,0.3711899345220709,0.06840211968935966
6666,0,0,0.5896430726700285,0.3626147463282676,0.04774218100170387
6667,2,0,0.5221145587032157,0.41984268738136743,0.058042753915416856
6668,2,1,0.41050103245757347,0.4248990814071488,0.16459988613527773
6669,2,1,0.20215741993537806,0.40546266650692686,0.3923799135576951
6670,1,0,0.45079076934474777,0.38230750665451346,0.16690172400073872
6671,1,0,0.4814993774335865,0.41443682992993086,0.10406379263648273
6672,1,0,0.628658358261489,0.3322158203978377,0.03912582134067339
6673,2,1,0.23354863990525845,0.39772911530059335,0.3687222447941482
6674,0,1,0.3550226955623615,0.4560946572140203,0.18888264722361822
6675,1,1,0.3965639653204976,0.43864478778665383,0.1647912468928485
6676,2,0,0.5580011331353775,0.4096683538958044,0.03233051296881802
6677,2,0,0.5692068531317687,0.3820146412745245,0.048778505593706806
6678,2,0,0.3786900631003951,0.36601928389622207,0.25529065300338283
6679,2,0,0.4771440266359086,0.4210564874536473,0.10179948591044402
6680,2,0,0.4966447836982559,0.3961131315571314,0.10724208474461269
6681,2,0,0.3435565094391411,0.3143966230789489,0.34204686748191004
6682,0,1,0.3197817080839446,0.5006191136343917,0.1795991782816637
6683,0,0,0.5873177001784045,0.352537845391068,0.06014445443052745
6684,2,0,0.4722534833873447,0.4301212613461229,0.09762525526653248
6685,2,1,0.41092418965966193,0.500213304695166,0.08886250564517205
6686,0,0,0.6605265746928402,0.32067777258820884,0.018795652718951058
6687,0,0,0.5215211505138039,0.397886546641229,0.08059230284496706
6688,1,0,0.5013768234179361,0.4228119980772724,0.07581117850479158
6689,1,0,0.4314512738179204,0.43047025871208755,0.13807846746999208
6690,2,0,0.4373973152217127,0.4100077934225041,0.15259489135578305
6691,0,0,0.5661867622032736,0.35780691195435693,0.07600632584236953
6692,1,1,0.3001588226528511,0.5091193970126705,0.19072178033447837
6693,2,0,0.4505772367740545,0.4356800578921811,0.11374270533376443
6694,2,0,0.537950837207968,0.39426012786134,0.06778903493069197
6695,2,2,0.15236431565221695,0.35066377748950445,0.49697190685827863
6696,1,1,0.3429365068649922,0.3925489724124853,0.2645145207225225
6697,2,0,0.528927413116928,0.4107677750195522,0.060304811863519735
6698,0,0,0.4463149046308405,0.37670148020722727,0.17698361516193223
6699,2,0,0.5920282922238841,0.3476792152064083,0.06029249256970762
6700,0,1,0.42946556373264505,0.48494020121740045,0.08559423504995442
6701,0,0,0.6345230892679301,0.34034064431170713,0.025136266420362707
6702,0,1,0.43268815234082697,0.4364920588816251,0.13081978877754782
6703,0,0,0.6620947203944638,0.32278467887900786,0.015120600726528237
6704,0,0,0.5858608471157396,0.3818696802591938,0.032269472625066555
6705,0,0,0.5102533113644496,0.38018384546460304,0.10956284317094736
6706,2,1,0.3808228728010686,0.402459320647909,0.2167178065510225
6707,1,0,0.4971093496581366,0.4205069265044161,0.08238372383744724
6708,2,0,0.5711059327573176,0.3710653546889407,0.057828712553741814
6709,2,0,0.5519920015407862,0.36368305312920196,0.08432494533001188
6710,2,0,0.6324337899996293,0.33873470322480304,0.02883150677556768
6711,2,2,0.30171129810425157,0.32350350789701665,0.37478519399873184
