,Outcome,Prediction,ProbA,ProbD,ProbH
6120,0,2,0.37907295580132877,0.22338282889857136,0.3975442153000998
6121,0,0,0.5078404116184686,0.21706227959003632,0.27509730879149513
6122,1,0,0.5054429518559774,0.2766775410980129,0.21787950704600967
6123,1,0,0.8498749939719925,0.07201686884826741,0.07810813717974016
6124,2,2,0.26059095280952693,0.23188788646338734,0.5075211607270858
6125,0,2,0.23649538096379072,0.23751834097114072,0.5259862780650686
6126,1,2,0.10916080404019153,0.20103224773316955,0.6898069482266389
6127,0,2,0.2686422833725454,0.25716230907660714,0.4741954075508474
6128,2,2,0.11977397273230787,0.14415866360961324,0.7360673636580789
6129,2,2,0.21838440392204997,0.266674328576229,0.5149412675017211
6130,0,2,0.0696247998715284,0.2001461394437802,0.7302290606846914
6131,2,2,0.004918172703659284,0.10278447181452607,0.8922973554818145
6132,0,2,0.371140416376056,0.2502346114079511,0.37862497221599284
6133,1,0,0.3933734570851457,0.21779411211122032,0.38883243080363394
6134,1,0,0.4927515040231807,0.2287201304288395,0.27852836554797994
6135,0,0,0.6482628087218484,0.19168135577592846,0.1600558355022232
6136,2,2,0.11195184019361769,0.2267427833492952,0.6613053764570872
6137,2,2,0.0656316964025653,0.11034257529105822,0.8240257283063764
6138,2,2,0.11764605356447279,0.20542400920433623,0.676929937231191
6139,0,2,0.1610634992615259,0.22951734286125447,0.6094191578772197
6140,0,0,0.641986003501709,0.24634677360087778,0.11166722289741321
6141,2,0,0.6378697148252077,0.19014975696088363,0.17198052821390852
6142,0,2,0.3448988934964716,0.21971480362910412,0.4353863028744243
6143,1,2,0.16808990645275232,0.24380232699233426,0.5881077665549134
6144,1,2,0.17653278109321074,0.23720124086368566,0.5862659780431037
6145,1,2,0.1822632246571767,0.18029024553655398,0.6374465298062694
6146,0,0,0.5241549402941122,0.29128993632327865,0.18455512338260907
6147,2,2,0.24397807682208275,0.0908789795971929,0.6651429435807243
6148,1,2,0.2901890641925069,0.27553597734092616,0.434274958466567
6149,1,2,0.10962941733049485,0.22138546856589372,0.6689851141036114
6150,0,0,0.3672270358685901,0.2661231059891477,0.36664985814226214
6151,0,2,0.1536191882691201,0.2206927435082031,0.6256880682226768
6152,1,2,0.310308759457457,0.20067536602962996,0.489015874512913
6153,0,2,0.2517711630014477,0.31341108356006586,0.43481775343848655
6154,1,2,0.19859267592547064,0.20000950100090198,0.6013978230736273
6155,0,2,0.20902374787652322,0.2618692827946512,0.5291069693288255
6156,2,2,0.1952659633159751,0.24546851499788186,0.5592655216861431
6157,2,0,0.40125091739175867,0.2586858121903647,0.34006327041787654
6158,0,0,0.7802243270834154,0.13902826957565706,0.0807474033409276
6159,2,2,0.3249546215354479,0.2725150579710102,0.40253032049354187
6160,0,0,0.4898491851625714,0.21575116321977852,0.2943996516176501
6161,0,0,0.8222447507070251,0.11091888764887076,0.06683636164410396
6162,2,2,0.024070160159887197,0.12319598954757785,0.8527338502925349
6163,2,2,0.09695165666953304,0.3144852137548869,0.5885631295755801
6164,2,2,0.33146458209578095,0.24898421881529897,0.41955119908892013
6165,2,2,0.10420118186609399,0.1563137289399174,0.7394850891939886
6166,2,2,0.14432631500894305,0.13385066550340985,0.721823019487647
6167,2,2,0.27373619346475003,0.1499804537045777,0.5762833528306722
6168,2,2,0.11117089578273058,0.13281253300275964,0.7560165712145098
6169,2,2,0.17681782212917097,0.26709532832077953,0.5560868495500495
6170,0,2,0.2644675668983366,0.2540692598042954,0.48146317329736804
6171,0,0,0.43719683071517235,0.25115120961007303,0.3116519596747546
6172,2,2,0.23200991019977188,0.14759756691545206,0.6203925228847761
6173,2,2,0.13515449122513123,0.2218193933893399,0.6430261153855289
6174,2,2,0.23018591091945703,0.22651304680964515,0.5433010422708979
6175,2,2,0.17024512281169332,0.20596924368064828,0.6237856335076584
6176,1,2,0.2671411144768764,0.2645226549426604,0.46833623058046314
6177,1,0,0.7785118037103169,0.08059680558589993,0.14089139070378326
6178,0,0,0.4257415197276323,0.2840873718722652,0.2901711084001024
6179,1,2,0.29271707110214024,0.30076962861895135,0.4065133002789085
6180,2,2,0.06593196691968717,0.11888259275273409,0.8151854403275788
6181,2,2,0.019691611254795034,0.06367147778542007,0.916636910959785
6182,0,2,0.1552224415248563,0.18548164589955046,0.6592959125755932
6183,2,2,0.37090311479553645,0.1806784210087089,0.4484184641957547
6184,0,0,0.4212503974121637,0.24583013095663495,0.33291947163120134
6185,2,2,0.047806355716618995,0.08577688719229754,0.8664167570910835
6186,1,2,0.30110551120271695,0.289826603397463,0.4090678853998201
6187,0,0,0.4304652608670739,0.23734810828090686,0.3321866308520193
6188,2,2,0.14030657697882265,0.2900531433791528,0.5696402796420246
6189,0,0,0.6545951224326751,0.25599194287643834,0.08941293469088658
6190,2,2,0.18619849342710504,0.23661313637235631,0.5771883702005386
6191,2,2,0.034966116253820026,0.15377429211504176,0.8112595916311381
6192,2,2,0.16040356912219322,0.20322477154942672,0.6363716593283801
6193,2,2,0.23660820211147668,0.06676784151102519,0.6966239563774982
6194,2,2,0.1458087197797526,0.1893756224425654,0.6648156577776819
6195,2,2,0.22841371402518806,0.24951092168707195,0.52207536428774
6196,2,2,0.12615749405299773,0.17390063010981482,0.6999418758371874
6197,0,0,0.6021271515673774,0.24103013640392773,0.156842712028695
6198,2,0,0.5213639482924971,0.21225710207439114,0.2663789496331117
6199,2,2,0.029465333231408125,0.08843313554451161,0.8821015312240803
6200,1,0,0.45326374590132795,0.2893433290552424,0.2573929250434296
6201,0,2,0.1603771335056543,0.274350479304016,0.5652723871903297
6202,0,0,0.8184481124588608,0.11560264313597274,0.06594924440516649
6203,0,2,0.3242461190648768,0.2575492596871468,0.41820462124797636
6204,2,0,0.4757214432596872,0.3120993572389314,0.21217919950138137
6205,0,0,0.42385521800361314,0.25645550666858974,0.3196892753277971
6206,2,0,0.4045644935430739,0.2291157490901828,0.3663197573667433
6207,2,0,0.3926123472540516,0.3367057519079379,0.27068190083801047
6208,2,2,0.13747465849160198,0.3326437125434697,0.5298816289649283
6209,1,2,0.10847702269136032,0.197004215317643,0.6945187619909966
6210,2,2,0.3409460956724928,0.10624305535179643,0.5528108489757106
6211,2,2,0.1556818319884199,0.1760340194138454,0.6682841485977347
6212,2,2,0.3117975647298046,0.2175053233561106,0.4706971119140847
6213,0,2,0.15964246240140886,0.19770160816383964,0.6426559294347515
6214,2,2,0.141644023469997,0.22449675109132047,0.6338592254386826
6215,1,2,0.18890088347500855,0.23573986625387683,0.5753592502711147
6216,0,2,0.11834953019649413,0.1611639932521185,0.7204864765513873
6217,0,2,0.28892226985403396,0.2645866644814832,0.44649106566448293
6218,2,2,0.08900106322897304,0.26067737667127466,0.6503215600997523
6219,0,0,0.7623023139305598,0.13388793056228834,0.10380975550715196
6220,2,0,0.4055475471674903,0.26302679588534145,0.3314256569471682
6221,1,0,0.665080749690299,0.1857892289401834,0.1491300213695176
6222,2,2,0.0327641913920841,0.15747401153351925,0.8097617970743967
6223,2,0,0.6815958294757231,0.11920905579565182,0.19919511472862503
6224,2,2,0.17598377395917358,0.24112703221188575,0.5828891938289407
6225,2,2,0.14692494044144822,0.2216131465131051,0.6314619130454466
6226,0,0,0.538522184417657,0.14179513116078302,0.31968268442156
6227,1,2,0.3544268950978804,0.22904632399679323,0.41652678090532647
6228,0,2,0.17820558285457508,0.24010955075323823,0.5816848663921868
6229,2,2,0.14580155733166356,0.3412492009625955,0.512949241705741
6230,2,2,0.3753879031306025,0.22696408057179998,0.39764801629759755
6231,2,2,0.18116431314780634,0.22658011730651667,0.5922555695456769
6232,2,2,0.0685854658944304,0.0971164576097241,0.8342980764958454
6233,2,2,0.24308943370097033,0.24643152574084315,0.5104790405581865
6234,2,0,0.5348447800956823,0.27568410974839463,0.18947111015592297
6235,2,2,0.132560977053294,0.14513769229139734,0.7223013306553087
6236,2,2,0.13319146638603285,0.07325594097037987,0.7935525926435874
6237,0,0,0.34872933921064025,0.3211960448143993,0.33007461597496046
6238,2,2,0.05172740269698011,0.09037138135956553,0.8579012159434544
6239,2,2,0.33128894594562813,0.16466883848470537,0.5040422155696666
6240,1,2,0.22119499991508215,0.24244626674184563,0.5363587333430723
6241,1,0,0.44102558727150826,0.22249092244914595,0.3364834902793459
6242,2,2,0.06931291767301898,0.15568046603491792,0.775006616292063
6243,1,2,0.23971717166621398,0.09511254406961737,0.6651702842641686
6244,2,2,0.3149257929487745,0.22221545956599412,0.4628587474852313
6245,2,0,0.36850787977210175,0.28379774810895114,0.3476943721189472
6246,2,2,0.3032312642696889,0.2757679476766815,0.42100078805362967
6247,2,2,0.17056018696376946,0.24833499036705653,0.581104822669174
6248,2,0,0.4308795566561339,0.2424710544569368,0.3266493888869294
6249,2,2,0.18980865975517486,0.25473149088981517,0.5554598493550099
6250,0,0,0.854760548366445,0.0687871512951983,0.07645230033835677
6251,0,2,0.14069965541157298,0.19561511196036854,0.6636852326280585
6252,2,2,0.14212344665266186,0.1846093214932082,0.67326723185413
6253,2,2,0.08902781929912541,0.1619448852169655,0.749027295483909
6254,1,0,0.774690931945247,0.14063945384166396,0.08466961421308913
6255,0,2,0.04250692211062748,0.07845425933465174,0.8790388185547208
6256,1,2,0.2523785689039613,0.2567867749889135,0.4908346561071252
6257,2,2,0.023707555021926063,0.08398007781256075,0.8923123671655132
6258,2,2,0.33572150082278396,0.1633473820507964,0.5009311171264197
6259,0,0,0.5380863407913472,0.27730503240686133,0.18460862680179146
6260,1,0,0.38475335678882705,0.2675222751228745,0.3477243680882984
6261,0,2,0.24801317137658702,0.2813188158896675,0.4706680127337456
6262,0,2,0.3558004797325114,0.2069009029580882,0.4372986173094004
6263,1,2,0.32449686414995044,0.2857357151686287,0.3897674206814208
6264,0,2,0.16208437654342014,0.21410939765064854,0.6238062258059313
6265,1,2,0.28099288250812726,0.26268554638899194,0.45632157110288074
6266,2,2,0.33895733323303034,0.2913543094978343,0.36968835726913535
6267,0,2,0.2057751228348161,0.1946596332521762,0.5995652439130077
6268,0,0,0.4212439679715001,0.22443709572732612,0.3543189363011737
6269,2,1,0.35346460006621366,0.37244806022182825,0.27408733971195803
6270,2,2,0.31150895084804814,0.26960907014853286,0.41888197900341895
6271,2,0,0.4833129071204785,0.2416785234741757,0.27500856940534574
6272,0,2,0.2377499424789598,0.28964083922058076,0.47260921830045943
6273,2,2,0.23138174177017531,0.20631200103638772,0.562306257193437
6274,1,2,0.18259172930652182,0.22525106530117428,0.5921572053923039
6275,2,2,0.05633961975503481,0.11403169365596619,0.8296286865889989
6276,2,0,0.6051119539518246,0.2511487250712095,0.1437393209769659
6277,1,2,0.16434630008178963,0.17844896906143842,0.657204730856772
6278,2,2,0.052597665278103466,0.0838822793694699,0.8635200553524267
6279,2,2,0.2514472577594932,0.08093499533563249,0.6676177469048743
6280,0,0,0.36805379659017695,0.2734618081571917,0.3584843952526314
6281,2,2,0.15164984169265647,0.19233666238999067,0.6560134959173528
6282,1,0,0.449516648945568,0.24456638898417518,0.305916962070257
6283,0,0,0.4524844348217732,0.2736525666823064,0.27386299849592044
6284,2,2,0.18399402251766028,0.21541584393833585,0.6005901335440038
6285,1,0,0.40421624039076937,0.24852149809638677,0.34726226151284384
6286,0,2,0.15873702201354617,0.2350781129837104,0.6061848650027434
6287,1,0,0.5895021509598559,0.2786671798149511,0.131830669225193
6288,2,2,0.013241292762278365,0.07471144061547791,0.9120472666222438
6289,2,2,0.41529895138828765,0.15686315647285654,0.4278378921388558
6290,2,2,0.1921478609512521,0.17893073436086926,0.6289214046878787
6291,2,2,0.15144588762763622,0.2601366634633435,0.5884174489090203
6292,0,0,0.3686793910673321,0.2708575299043211,0.36046307902834673
6293,0,0,0.474766008862663,0.21784126594818037,0.30739272518915667
6294,0,2,0.3360612719859015,0.2732597338278466,0.3906789941862519
6295,1,2,0.24822851167614338,0.17151680894065932,0.5802546793831973
6296,1,2,0.2868966706888266,0.09526290989876061,0.6178404194124129
6297,2,0,0.5873589729005979,0.22278549834493402,0.18985552875446812
6298,1,2,0.15889361261134274,0.2113434681298162,0.6297629192588411
6299,1,2,0.006915744506646904,0.07989421040158078,0.9131900450917724
6300,2,2,0.06459716692726776,0.15660297432366488,0.7787998587490674
6301,1,2,0.38088117219864764,0.23710038782191975,0.38201843997943263
6302,2,2,0.04162460351571546,0.09427631080469755,0.864099085679587
6303,2,2,0.16341419911682775,0.2635652797220522,0.57302052116112
6304,2,0,0.4239790713830879,0.22365351933255323,0.3523674092843588
6305,2,2,0.26478010270760016,0.26046107874821994,0.47475881854418
6306,2,0,0.4718060900122314,0.2464746579390535,0.2817192520487151
6307,1,2,0.32656858032913416,0.2686025366815852,0.4048288829892807
6308,2,2,0.19575040522916076,0.22645886063703635,0.5777907341338029
6309,2,2,0.16106816895570014,0.17343031698886388,0.665501514055436
6310,2,2,0.29863941910601394,0.2921170221377387,0.40924355875624724
6311,1,2,0.18819469360555663,0.21543852354854015,0.5963667828459032
6312,2,2,0.06259128876687914,0.1137550257897086,0.8236536854434122
6313,1,0,0.3901017875256869,0.23162539149640718,0.37827282097790593
6314,2,0,0.547396135294819,0.2596802735836652,0.1929235911215158
6315,2,2,0.2616278734062437,0.2929013983263933,0.44547072826736295
6316,2,2,0.3026173590714995,0.23711257876648498,0.4602700621620155
6317,2,0,0.7243962913805696,0.11755999103027517,0.15804371758915534
6318,0,0,0.546300031377392,0.3023175603464186,0.15138240827618935
6319,1,2,0.3817486653982716,0.16473991333154328,0.45351142127018496
6320,2,2,0.21083354289510006,0.25614916263505755,0.5330172944698424
6321,2,2,0.008152190528267036,0.06297503161696737,0.9288727778547656
6322,0,2,0.26841382142996073,0.2349838869989441,0.4966022915710952
6323,1,2,0.2919387968779398,0.2733883048221035,0.4346728982999567
6324,0,0,0.5067261998963742,0.23710472726222032,0.2561690728414054
6325,0,2,0.3105570140110396,0.23179310163918446,0.457649884349776
6326,2,2,0.36840225837972207,0.2172946858133577,0.41430305580692034
6327,2,2,0.16901674760343394,0.13677298667978344,0.6942102657167827
6328,1,2,0.18663550818243754,0.21467026649533322,0.5986942253222293
6329,0,2,0.16019916516997376,0.2372320866605322,0.602568748169494
6330,2,2,0.11673981007868142,0.3068191346988866,0.5764410552224319
6331,2,2,0.12972226203636514,0.2135857824909179,0.6566919554727169
6332,0,0,0.4669678901139855,0.2995161443660025,0.2335159655200121
6333,2,0,0.5773421805515991,0.23353064750519842,0.18912717194320236
6334,2,2,0.29314267693817325,0.24954710848321132,0.4573102145786154
6335,1,2,0.280012329900299,0.23515059855871895,0.48483707154098205
6336,1,2,0.23541263717299887,0.22194214672336474,0.5426452161036365
6337,2,0,0.4148065859876482,0.23655018785617626,0.34864322615617566
6338,0,2,0.327237461556056,0.22035898824704084,0.4524035501969031
6339,2,0,0.3775446323267395,0.2775984142410458,0.3448569534322147
6340,1,2,0.19852704795195528,0.23967313149413488,0.5617998205539099
6341,2,2,0.2586034076544906,0.07409349031385987,0.6673031020316496
6342,0,2,0.08229460894270138,0.11959796745777027,0.7981074235995284
6343,1,2,0.25747834958981136,0.205203945836415,0.5373177045737737
6344,2,2,0.1758847630764727,0.23218958027963546,0.5919256566438919
6345,2,0,0.42997869806820344,0.256607209341629,0.3134140925901675
6346,2,2,0.0826081430496255,0.243300748213646,0.6740911087367285
6347,0,0,0.597183961873376,0.22350427959512142,0.17931175853150266
6348,2,2,0.10696854236439125,0.2525421503496537,0.640489307285955
6349,2,2,0.09225903574919489,0.15012984773902815,0.7576111165117769
6350,2,2,0.144839892267494,0.18838264111909353,0.6667774666134125
6351,0,0,0.5482315638863965,0.2706637993229519,0.18110463679065164
6352,2,2,0.2038643498595614,0.23196374121928678,0.5641719089211518
6353,0,0,0.5525604103451004,0.22632175252423922,0.22111783713066033
6354,2,2,0.16419742350612482,0.24355744615009822,0.5922451303437769
6355,0,0,0.36398728705072175,0.33185263510546714,0.30416007784381105
6356,2,2,0.14954758089661874,0.2372886892741972,0.6131637298291841
6357,0,0,0.685122059283822,0.18600329834208265,0.12887464237409538
6358,0,0,0.5723106173154333,0.21041508289789584,0.21727429978667076
6359,0,0,0.4602264352930575,0.23967646333086173,0.30009710137608075
6360,1,0,0.4358884763532441,0.24758786715184233,0.31652365649491354
6361,1,2,0.12543626123597112,0.2215463705209295,0.6530173682430994
6362,2,2,0.16541326109115023,0.26073896974270516,0.5738477691661447
6363,2,2,0.017280244801821047,0.08885809633727262,0.8938616588609063
6364,0,0,0.47887193827763586,0.23486688483578,0.28626117688658415
6365,0,0,0.4476590868908582,0.25589701141184634,0.2964439016972954
6366,1,2,0.09518108928022427,0.18407353901517104,0.7207453717046047
6367,2,2,0.23010064467962452,0.28509050742565306,0.4848088478947225
6368,2,2,0.013700697869762342,0.08298419692607222,0.9033151052041655
6369,2,2,0.23048838536870297,0.26211037792645664,0.5074012367048404
6370,2,0,0.4150252987871281,0.2208327014322068,0.36414199978066514
6371,1,0,0.6096264865885165,0.251519870724216,0.13885364268726763
6372,2,2,0.19090364527475934,0.22515894487862065,0.58393740984662
6373,2,2,0.09343388875323144,0.1469075719745722,0.7596585392721963
6374,2,2,0.143181915173763,0.11910199639382812,0.7377160884324089
6375,2,2,0.15487546192354196,0.23077164860514665,0.6143528894713114
6376,1,2,0.4213506389561046,0.13762551058919914,0.44102385045469633
6377,1,0,0.5784772485058243,0.2231983658794413,0.19832438561473437
6378,1,2,0.2846565754624958,0.262984918534933,0.45235850600257116
6379,2,2,0.1889372169537287,0.26919538411471183,0.5418673989315594
6380,0,2,0.20402867785629453,0.28340694517709014,0.5125643769666153
6381,1,2,0.20021365642883895,0.1255572654507709,0.6742290781203901
6382,2,0,0.6499397212311443,0.19459348714941724,0.15546679161943847
6383,1,0,0.515336124235621,0.28595687656405333,0.19870699920032556
6384,0,0,0.4524362489095711,0.2235180441717181,0.3240457069187107
6385,2,2,0.031470961747724825,0.12238422829406716,0.846144809958208
6386,0,2,0.1289961761466089,0.16986481596562233,0.7011390078877686
6387,1,2,0.12906065621066948,0.19271472952094784,0.6782246142683828
6388,0,2,0.2638494929090283,0.2258208019408042,0.5103297051501675
6389,1,2,0.12815382391964503,0.16036332749737867,0.7114828485829764
6390,2,2,0.02772998106865548,0.15238182845780235,0.8198881904735421
6391,0,0,0.4262685435534476,0.23466702512909793,0.33906443131745445
6392,1,2,0.25510677113061414,0.27887356004370073,0.4660196688256851
6393,0,0,0.6510081223990721,0.24097126432933855,0.10802061327158918
6394,1,1,0.3326698752392844,0.3940357053177005,0.2732944194430152
6395,1,2,0.3369298842851314,0.24138028270289533,0.4216898330119734
6396,0,0,0.7193662459868917,0.18334447391443756,0.0972892800986708
6397,2,2,0.2792059981342528,0.2377723479104949,0.48302165395525226
6398,1,0,0.46364850348799747,0.23001252195656527,0.3063389745554373
6399,2,2,0.36700993393970893,0.11573306599517438,0.5172570000651167
6400,0,0,0.4309557152391761,0.2580060001905477,0.31103828457027627
6401,1,2,0.2932702498028188,0.2610377120665975,0.4456920381305837
6402,2,0,0.48765362261440015,0.2285011408813479,0.28384523650425203
6403,1,0,0.542302146166794,0.17471628011049709,0.2829815737227088
6404,1,0,0.5883891779470929,0.2773818788973078,0.1342289431555993
6405,2,2,0.12776710580873624,0.23368260695289422,0.6385502872383696
6406,2,2,0.015590287348675985,0.07399358375317402,0.91041612889815
6407,2,2,0.20812283912649557,0.16677630404689753,0.6251008568266069
6408,0,2,0.3112602169478079,0.25312411994607625,0.4356156631061158
6409,2,2,0.2690339561067795,0.2841792252882888,0.44678681860493163
6410,0,0,0.7643069614881923,0.07393332963645947,0.16175970887534818
6411,0,2,0.343062347905561,0.23535075804397257,0.42158689405046645
6412,2,2,0.04046261267677395,0.12085210321308192,0.8386852841101441
6413,2,2,0.05037303052222386,0.1534061347557162,0.7962208347220598
6414,1,2,0.2902453680696017,0.27928808776326214,0.4304665441671361
6415,0,2,0.3397523844713523,0.2956870534498317,0.364560562078816
6416,2,2,0.368173287066743,0.16203867667684335,0.4697880362564136
6417,0,2,0.35569718875694445,0.2693714005117903,0.3749314107312652
6418,0,0,0.584881601104872,0.2555971506513701,0.1595212482437578
6419,2,2,0.1491838984739687,0.17824315752656847,0.6725729439994629
6420,2,2,0.3172382222847307,0.08057112041447602,0.6021906573007932
6421,0,0,0.47954434117565065,0.25811263182048905,0.26234302700386036
6422,2,2,0.10870985531318139,0.1438560582331487,0.7474340864536699
6423,2,2,0.17031997869752188,0.20398578767100214,0.625694233631476
6424,1,2,0.3465254010365119,0.25154246048295426,0.4019321384805338
6425,1,0,0.52423349385712,0.17525442326458257,0.30051208287829745
6426,2,2,0.06495174091290579,0.09989744980882184,0.8351508092782723
6427,0,0,0.5519302137696422,0.20143122486989629,0.24663856136046142
6428,2,2,0.14925706077029605,0.24699923648890998,0.6037437027407939
6429,1,0,0.6131860592387018,0.157540509530845,0.22927343123045316
6430,1,0,0.44863577821006223,0.2332719211840495,0.31809230060588833
6431,2,2,0.21306655672371946,0.09252862786468456,0.694404815411596
6432,0,2,0.1100907189372432,0.24675962492885523,0.6431496561339016
6433,0,0,0.8499985254091337,0.08514211385206327,0.06485936073880313
6434,1,0,0.5687558952356642,0.2184282590226126,0.21281584574172321
6435,1,2,0.24700105607974102,0.27442949255546034,0.4785694513647988
6436,2,2,0.18824404411092638,0.18358042375627912,0.6281755321327944
6437,1,2,0.2271834356657895,0.1895182543857141,0.5832983099484964
6438,2,2,0.24293788129520127,0.2720678921912349,0.4849942265135639
6439,0,0,0.47423054199480275,0.3087196876350094,0.21704977037018788
6440,2,2,0.05444235822373958,0.1386126979434286,0.8069449438328318
6441,2,2,0.3147885506709115,0.06700700430234345,0.618204445026745
6442,2,0,0.3893940686293969,0.2550416862024151,0.3555642451681881
6443,2,0,0.4258020260352772,0.23259494000126082,0.3416030339634619
6444,0,2,0.012060401080055022,0.08547177404937104,0.902467824870574
6445,2,0,0.42194546608695127,0.2357100257117117,0.34234450820133694
6446,1,2,0.11590544756506115,0.17728653802573932,0.7068080144091995
6447,0,2,0.1739558686023586,0.23934982158598925,0.5866943098116523
6448,1,2,0.12831256270295854,0.27646187414219575,0.5952255631548456
6449,1,0,0.5777381259668806,0.19811724133359698,0.2241446326995225
6450,0,2,0.16632229213668678,0.14916711363039034,0.6845105942329228
6451,2,2,0.14444277247963097,0.2262698423612568,0.6292873851591123
6452,1,1,0.2728714314726845,0.45004858660062935,0.2770799819266859
6453,2,2,0.046907304554433926,0.08348037907148491,0.8696123163740812
6454,1,2,0.2433086621144557,0.264314120876254,0.4923772170092903
6455,0,0,0.5136938262946092,0.21522484876809417,0.27108132493729653
6456,0,2,0.18240347710808488,0.2918868496119758,0.5257096732799393
6457,2,2,0.07673981469037906,0.15360894817532766,0.7696512371342933
6458,0,0,0.47344983276670316,0.25299039424023007,0.27355977299306683
6459,1,2,0.36432748324867215,0.10212353706246109,0.5335489796888668
6460,0,2,0.30252884348247555,0.2782473648734764,0.41922379164404805
6461,0,2,0.38229041271232733,0.23398006599954818,0.38372952128812454
6462,0,0,0.621422543025095,0.1833075414015475,0.1952699155733575
6463,1,2,0.17398289942809397,0.21387636033455332,0.6121407402373528
6464,2,0,0.4569142420514512,0.214478781623286,0.3286069763252628
6465,0,0,0.7464151536701413,0.1776883102231954,0.07589653610666335
6466,0,2,0.1951560732260456,0.23244175746864187,0.5724021693053125
6467,2,2,0.19497473603909515,0.23239380702711207,0.5726314569337927
6468,2,2,0.3342590576926617,0.25130798322282993,0.4144329590845084
6469,0,0,0.5209317391903725,0.19896678501668047,0.2801014757929471
6470,2,2,0.03956979184559772,0.13476592529326248,0.8256642828611398
6471,0,2,0.18305673849159365,0.25525325844393476,0.5616900030644716
6472,2,2,0.2435343126348282,0.27696554189175787,0.47950014547341385
6473,1,0,0.5439301018197208,0.2595178437184949,0.19655205446178434
6474,0,2,0.3690704281004562,0.22308783183841094,0.40784174006113294
6475,0,2,0.246472915257185,0.26816929876701495,0.48535778597580015
6476,2,2,0.23377869586768374,0.23621949436250447,0.5300018097698118
6477,1,0,0.4378586345526529,0.291558745015038,0.27058262043230924
6478,0,2,0.29823446202224746,0.2675864810750932,0.4341790569026593
6479,0,0,0.5667126262410827,0.21977502401000423,0.21351234974891303
6480,0,2,0.3547589051528493,0.23419135869607663,0.411049736151074
6481,1,0,0.5813266451973287,0.2821700467371919,0.13650330806547942
6482,1,2,0.2054871643265288,0.2702716296459881,0.5242412060274831
6483,0,0,0.5398594103430744,0.1829924594605525,0.27714813019637297
6484,0,2,0.21170064642657876,0.2173407347073186,0.5709586188661026
6485,2,2,0.38647265638253636,0.22628681005261633,0.3872405335648473
6486,1,2,0.24380682841151854,0.2180337487810588,0.5381594228074226
6487,2,2,0.23157483633710602,0.2432268697052947,0.5251982939575993
6488,2,2,0.27312868114738154,0.06255289659708564,0.6643184222555328
6489,0,2,0.177072031090282,0.18895837098207213,0.6339695979276458
6490,0,0,0.4016676626632242,0.20365261812976537,0.3946797192070105
6491,0,0,0.3949366123927311,0.24531373130569373,0.3597496563015753
6492,2,2,0.1102067172666287,0.16940110101748093,0.7203921817158904
6493,1,2,0.20850897619298453,0.24792178839906612,0.5435692354079493
6494,0,0,0.6936332122286888,0.13518090891970533,0.1711858788516059
6495,0,2,0.22526045990747612,0.27602527708408053,0.4987142630084434
6496,0,0,0.695482583486419,0.12056842411177876,0.18394899240180232
6497,0,0,0.6285187176254217,0.18831703881230916,0.1831642435622692
6498,2,2,0.18308287091184045,0.2750039230841262,0.5419132060040334
6499,0,2,0.37729763136953604,0.14585433082122265,0.4768480378092414
6500,2,2,0.09706156583226841,0.19284559574888688,0.7100928384188447
6501,1,0,0.4170438917873093,0.25602387532827353,0.32693223288441714
6502,1,2,0.2823115798467091,0.2131880018313213,0.5045004183219696
6503,1,0,0.4627985777165557,0.20797283943150338,0.32922858285194095
6504,2,2,0.14626876297419483,0.3120302850550542,0.541700951970751
6505,0,2,0.137701169997046,0.26753541048968604,0.5947634195132678
6506,1,2,0.3820314464727552,0.10326359310888195,0.5147049604183628
6507,2,2,0.19162300642372607,0.22664023622037088,0.581736757355903
6508,2,2,0.022191557050133884,0.1277346010119271,0.850073841937939
6509,2,2,0.286476446706132,0.22650065073339984,0.48702290256046804
6510,0,0,0.741047602518978,0.16293671216475725,0.09601568531626462
6511,0,2,0.1644329035192485,0.2512910411144158,0.5842760553663356
6512,2,2,0.1567317696205599,0.28402627013080795,0.5592419602486322
6513,0,2,0.2692975551208754,0.22787072912144507,0.5028317157576795
6514,1,0,0.4306326122251115,0.24490710909376245,0.3244602786811259
6515,0,0,0.7522666263982213,0.15084839208575312,0.09688498151602558
6516,2,2,0.1299390086430067,0.2683441270880985,0.6017168642688948
6517,0,2,0.18457098026553448,0.2245667742056,0.5908622455288656
6518,2,0,0.400334209255552,0.2486706994633295,0.3509950912811185
6519,0,2,0.3456150481246269,0.2494897244212097,0.4048952274541634
6520,2,0,0.5655018505056343,0.18611365385207104,0.24838449564229476
6521,2,2,0.0723846045014038,0.09644820812357786,0.8311671873750183
6522,1,2,0.2657607702812646,0.2276698099769947,0.5065694197417407
6523,2,2,0.25478728439845644,0.2754523953124168,0.4697603202891267
6524,1,2,0.12432010436297473,0.2620529548765552,0.61362694076047
6525,2,0,0.4441947121206199,0.2335976694897139,0.32220761838966616
6526,1,2,0.15352900988713533,0.20115819032676893,0.6453127997860958
6527,1,2,0.20774328384425728,0.2544069119939677,0.537849804161775
6528,2,0,0.42060455044463263,0.25235611180471174,0.32703933775065563
6529,2,2,0.2833342749739066,0.07111234402104202,0.6455533810050513
6530,0,0,0.542995787972299,0.2021112756057779,0.2548929364219232
6531,1,2,0.36926355329523186,0.24714409504654292,0.3835923516582253
6532,0,0,0.41270148851145383,0.23424812953716545,0.35305038195138067
6533,0,0,0.6824080331992992,0.12014483347818496,0.1974471333225158
6534,1,2,0.3472436420949785,0.17287257177334706,0.47988378613167454
6535,2,2,0.3512731686898004,0.2743019397615297,0.3744248915486698
6536,2,2,0.023543277720612602,0.13208797523876045,0.8443687470406269
6537,2,2,0.3395868219930279,0.1101326079887225,0.5502805700182496
6538,2,2,0.13316967158053666,0.24441062680534995,0.6224197016141134
6539,0,2,0.17079739442773886,0.17679908057921626,0.6524035249930449
6540,1,0,0.6119338578340368,0.2420199839697735,0.14604615819618982
6541,0,0,0.6463284394008459,0.19085893331663,0.16281262728252394
6542,2,2,0.1807074916058699,0.253328336175141,0.565964172218989
6543,2,2,0.12084840389797154,0.14291365267725217,0.7362379434247763
6544,2,2,0.1540021082050563,0.24256932586901836,0.6034285659259254
6545,0,2,0.18567148104517814,0.2277442085057687,0.5865843104490532
6546,0,2,0.2556111326582241,0.2447980278095951,0.4995908395321807
6547,2,1,0.25744678854441927,0.3730728029033431,0.36948040855223757
6548,0,0,0.5582700132479551,0.27419288917068946,0.16753709758135546
6549,2,2,0.3087748624103558,0.24210585805562823,0.449119279534016
6550,1,0,0.5184561639129079,0.19562277885303242,0.28592105723405975
6551,1,2,0.21431494250247513,0.24107175340041406,0.5446133040971108
6552,2,0,0.4281625864812632,0.25759051132998956,0.31424690218874723
6553,2,2,0.08882277212968259,0.18002320496030863,0.7311540229100089
6554,2,2,0.04091844219522965,0.09021862137169301,0.8688629364330773
6555,1,2,0.08300278999838033,0.187984287298233,0.7290129227033867
6556,1,0,0.5231068570873539,0.18070624383293063,0.2961868990797154
6557,2,0,0.47072502280698847,0.2087368625089521,0.3205381146840595
6558,0,2,0.3483008550158025,0.11841071535928012,0.5332884296249173
6559,1,2,0.3754461520711305,0.19189654554934465,0.43265730237952477
6560,2,2,0.1898049192359817,0.20516554683712837,0.6050295339268899
6561,1,2,0.2566907306730057,0.2274021753469517,0.5159070939800426
6562,0,2,0.2513419236182114,0.2626969598953971,0.48596111648639145
6563,2,2,0.14911251820143567,0.1894511379917312,0.6614363438068331
6564,1,0,0.5075280122731316,0.20351902273752812,0.28895296498934037
6565,2,0,0.3899168743716509,0.2506622670698815,0.3594208585584676
6566,1,0,0.4145493149376093,0.22900380197141298,0.35644688309097766
6567,2,2,0.2209815239419433,0.14521882495961969,0.6337996510984371
6568,1,2,0.23387759974301064,0.2517549445916154,0.5143674556653739
6569,2,2,0.16129736971517813,0.25268956547368804,0.5860130648111338
6570,0,0,0.42541012710673587,0.2798585383879798,0.29473133450528427
6571,2,2,0.05874878644413542,0.10413346735090695,0.8371177462049576
6572,0,0,0.619425218120969,0.20653989958281377,0.17403488229621716
6573,2,2,0.14341380583237598,0.25935615194254774,0.5972300422250761
6574,2,0,0.4195770011373461,0.2772396074658719,0.3031833913967819
6575,0,0,0.40417498393372353,0.22246456749280547,0.373360448573471
6576,2,2,0.2725215685281699,0.2243058451126233,0.5031725863592068
6577,0,0,0.42503891470439453,0.2510260759048333,0.32393500939077213
6578,2,2,0.08414955491934566,0.20856932479669382,0.7072811202839605
6579,1,2,0.29472496504005946,0.07789294753353421,0.6273820874264063
6580,2,2,0.1267106368018415,0.2195376532321562,0.6537517099660024
6581,0,0,0.3659998693801385,0.2928376429609127,0.34116248765894874
6582,1,2,0.15432764401492585,0.2357448115966079,0.6099275443884663
6583,0,2,0.28564823047611354,0.28451421594303045,0.42983755358085596
6584,0,0,0.7549693634622378,0.18102469179000308,0.06400594474775906
6585,1,2,0.31316988620741004,0.23594391981133694,0.450886193981253
6586,0,0,0.4970239382102011,0.24502968886923893,0.25794637292056
6587,1,2,0.05007863204617151,0.1188986834863121,0.8310226844675165
6588,2,0,0.36878584672205755,0.2894944077414141,0.3417197455365284
6589,2,2,0.3510526625702936,0.18147402715197639,0.46747331027773004
6590,2,0,0.44705631929181533,0.2247909520588031,0.32815272864938144
6591,1,2,0.20282793599592,0.22573299649024234,0.5714390675138377
6592,1,2,0.20871853673127938,0.2699403468596212,0.5213411164090994
6593,2,2,0.030700223684422004,0.06871282999960707,0.900586946315971
6594,0,0,0.44242447508335475,0.233503252219254,0.3240722726973913
6595,0,2,0.33568149099780986,0.26553744038085075,0.39878106862133933
6596,0,0,0.4184756545041182,0.3178648500654033,0.2636594954304785
6597,2,2,0.15484609205473318,0.22939752522745552,0.6157563827178113
6598,2,2,0.18784974298381607,0.1349409261085275,0.6772093309076564
6599,0,0,0.5299534533473853,0.22124829457605796,0.2487982520765567
6600,2,2,0.10710799363072833,0.15160304349502737,0.7412889628742443
6601,2,0,0.4236068495268989,0.29420837645001807,0.28218477402308306
6602,0,0,0.6805085493348653,0.17487428571924485,0.1446171649458898
6603,1,2,0.1429100416605284,0.20647217730880799,0.6506177810306636
6604,2,2,0.2661606341108107,0.2732698229037561,0.4605695429854331
6605,2,2,0.1576250127375435,0.23176739809217076,0.6106075891702857
6606,0,2,0.4277054478899363,0.13566851419177733,0.4366260379182863
6607,2,2,0.3320167990201475,0.26451301620249473,0.40347018477735763
6608,0,0,0.4670256268007842,0.21827708663905399,0.3146972865601619
6609,0,2,0.29739886273077515,0.2348721733509801,0.4677289639182447
6610,0,0,0.6065182352735019,0.23002802316224352,0.16345374156425443
6611,0,0,0.7359856714594558,0.15496097301957276,0.10905335552097141
6612,1,2,0.08595922253328525,0.12198334418076,0.7920574332859549
6613,2,2,0.1421001090358617,0.1714632920104007,0.6864365989537377
6614,0,2,0.12394814344570297,0.2142928949460667,0.6617589616082303
6615,2,2,0.06450007871265409,0.14459170162682947,0.7909082196605164
6616,2,2,0.17889793916906319,0.2268528226452219,0.5942492381857148
6617,2,2,0.3797900911854588,0.2150295082997037,0.4051804005148375
6618,2,2,0.14220803239544869,0.16061431424573847,0.6971776533588128
6619,0,2,0.36405336155354695,0.17049809933102533,0.46544853911542783
6620,1,2,0.2532426282204525,0.22213830490622086,0.5246190668733266
6621,0,2,0.24732493537188044,0.2620287892957519,0.4906462753323676
6622,2,2,0.1781110751357904,0.24144594907510156,0.5804429757891081
6623,2,0,0.4051280053776386,0.2301300771032869,0.36474191751907453
6624,2,2,0.11971820556712005,0.24524139316015114,0.6350404012727289
6625,0,0,0.6794346034664106,0.20384857834721204,0.1167168181863774
6626,2,2,0.19031405361270667,0.2198566644473537,0.5898292819399396
6627,2,0,0.5600450727755071,0.22195799518679563,0.21799693203769718
6628,2,2,0.004519752810119333,0.11030494709010616,0.8851753000997745
6629,0,2,0.19317227755914843,0.24551715244152006,0.5613105699993315
6630,1,2,0.03856332686950429,0.16845388858732166,0.7929827845431741
6631,2,0,0.3941032643719597,0.23410328051390272,0.37179345511413764
6632,1,2,0.24880039195525352,0.25415958287990376,0.4970400251648428
6633,1,2,0.2628251625548444,0.25530937593849345,0.48186546150666226
6634,2,2,0.06522794466384624,0.14548061029653506,0.7892914450396187
6635,1,2,0.3793024030594078,0.2383978671476795,0.38229972979291266
6636,0,0,0.49260927965739365,0.22495554395938275,0.2824351763832236
6637,0,0,0.5745855632125945,0.2280053379214247,0.1974090988659809
6638,0,2,0.324116362255819,0.2002763297134916,0.4756073080306895
6639,0,0,0.4894025510168464,0.28143479961536544,0.22916264936778807
6640,2,2,0.037023744482317426,0.08843486561170821,0.8745413899059744
6641,0,0,0.43952558942075903,0.23884641431448733,0.32162799626475375
6642,2,0,0.6617737143469559,0.14490327553184137,0.19332301012120282
6643,1,0,0.47624903596717066,0.26411246135909205,0.2596385026737374
6644,1,0,0.4665242397112793,0.2857597077235144,0.24771605256520632
6645,1,0,0.5217059310182711,0.18125291881638902,0.29704115016533994
6646,2,2,0.046092102528305014,0.12200774177329603,0.8319001556983989
6647,1,2,0.3007275818851506,0.2903174452162635,0.4089549728985859
6648,2,2,0.35213328309746983,0.20905920848539883,0.4388075084171313
6649,2,2,0.18108758952503742,0.24486453763653968,0.574047872838423
6650,2,2,0.19962204144412565,0.13403724744827825,0.6663407111075961
6651,0,2,0.17999397246048535,0.22450840113860313,0.5954976264009115
6652,2,2,0.12208020460781836,0.24137921921420663,0.6365405761779751
6653,1,0,0.5046639300176442,0.25786547303671326,0.23747059694564251
6654,0,0,0.5887178727088926,0.22906664307629593,0.18221548421481146
6655,0,2,0.37592929325545077,0.1017011182714333,0.522369588473116
6656,2,2,0.14970418509202055,0.16568088858902608,0.6846149263189533
6657,2,0,0.38783035762924806,0.24719608863542836,0.36497355373532364
6658,0,0,0.4910342392724447,0.22840113281939167,0.2805646279081638
6659,2,0,0.5745306385580289,0.24591654287300765,0.17955281856896343
6660,0,0,0.5689471934390351,0.27521170827577834,0.1558410982851865
6661,2,0,0.42693174089343344,0.2387176804549612,0.3343505786516054
6662,2,2,0.010256160713956807,0.08979067378532049,0.8999531655007228
6663,0,2,0.2892353739233663,0.27324004269827057,0.43752458337836303
6664,2,2,0.17383935821534338,0.2667863585037328,0.5593742832809239
6665,0,0,0.3828041955866976,0.249756926597837,0.36743887781546547
6666,0,0,0.42796967252859514,0.21371875206118957,0.35831157541021535
6667,2,2,0.33252600073951705,0.2530851515107058,0.4143888477497772
6668,2,2,0.1930485668531255,0.2479632819311002,0.5589881512157743
6669,2,2,0.02380160459742665,0.12341064842901205,0.8527877469735613
6670,1,2,0.18555085251999276,0.2420327820101695,0.5724163654698378
6671,1,2,0.23362634840723,0.27497883381304034,0.49139481777972965
6672,1,0,0.5932619666216837,0.2105405352580003,0.19619749812031603
6673,2,2,0.19351812841532548,0.1326825110921988,0.6737993604924758
6674,0,2,0.11733645918520857,0.26921899404833166,0.6134445467664598
6675,1,2,0.25172333141718434,0.23512527619548795,0.5131513923873277
6676,2,2,0.30308847203123146,0.3198863753157972,0.3770251526529713
6677,2,0,0.3985395792586054,0.2782932449556723,0.3231671757857223
6678,2,2,0.0804626971549223,0.12645023941937708,0.7930870634257006
6679,2,2,0.3093425134465752,0.22002846472768883,0.47062902182573585
6680,2,2,0.3503897486385163,0.2595982467365065,0.3900120046249772
6681,2,2,0.0963413756571879,0.12349680582458812,0.780161818518224
6682,0,2,0.1512412135175687,0.29054969593670454,0.5582090905457268
6683,0,0,0.44145565903726364,0.26192204011585024,0.29662230084688623
6684,2,2,0.20577542551936837,0.2432170626892819,0.5510075117913498
6685,2,2,0.19629701190508794,0.14793297912806844,0.6557700089668437
6686,0,0,0.6787137558480838,0.23113894180064323,0.0901473023512728
6687,0,0,0.4215547809421214,0.2979533563710101,0.2804918626868684
6688,1,2,0.2197693955213819,0.2625824729496458,0.5176481315289723
6689,1,2,0.20304012199441052,0.26003385150182373,0.5369260265037656
6690,2,2,0.18826824168820264,0.22128403543177722,0.5904477228800201
6691,0,0,0.467689993739707,0.26765658906471623,0.2646534171955768
6692,1,2,0.1377385524817157,0.33230772113992996,0.5299537263783544
6693,2,2,0.24162393667704388,0.21986917583197266,0.5385068874909834
6694,2,0,0.3837161199517901,0.2637102572521915,0.35257362279601845
6695,2,2,0.014954765334188666,0.0825028168614197,0.9025424178043917
6696,1,2,0.1262945389310852,0.22641236313530302,0.6472930979336117
6697,2,2,0.2739975569350723,0.27448545089416476,0.45151699217076285
6698,0,2,0.08915296696812984,0.21515547915499206,0.6956915538768781
6699,2,0,0.3793672606280434,0.29946371467152344,0.32116902470043307
6700,0,2,0.2156341379772677,0.28493986850493414,0.49942599351779826
6701,0,0,0.625708496397269,0.24590865808830348,0.12838284551442758
6702,0,2,0.2665402268689203,0.24859300877457238,0.4848667643565073
6703,0,0,0.6459129425574576,0.26964648518710677,0.08444057225543573
6704,0,2,0.25620845385149094,0.2555989660285751,0.48819258011993394
6705,0,2,0.25472397812461833,0.291672396100599,0.4536036257747827
6706,2,2,0.2151922130603888,0.2330483728946006,0.5517594140450105
6707,1,0,0.42580086989854454,0.2290811278552388,0.3451180022462165
6708,2,0,0.3879881996929182,0.28034164252251265,0.3316701577845691
6709,2,2,0.27514572339844695,0.23482685283316815,0.49002742376838493
6710,2,0,0.6624319188015693,0.20316355022948063,0.13440453096895016
6711,2,2,0.05275923460426905,0.08896290693522133,0.8582778584605097
6712,1,2,0.19461687360975768,0.20311225848606668,0.6022708679041756
6713,2,2,0.10494833726300407,0.2730326424036665,0.6220190203333295
