,Outcome,Prediction,ProbA,ProbD,ProbH
5814,0,2,0.26313384336635876,0.2578004547858766,0.47906570184776476
5815,1,2,0.07279504565279628,0.14911475431946444,0.7780902000277392
5816,1,2,0.17700900326281419,0.25253815174119904,0.5704528449959868
5817,2,2,0.10291464533714537,0.1602037141122881,0.7368816405505665
5818,0,2,0.2303793006742507,0.25303990141365457,0.5165807979120948
5819,2,2,0.06507994682182425,0.15314157698535752,0.7817784761928183
5820,0,2,0.12173852211699576,0.2262220752005834,0.6520394026824209
5821,2,0,0.580368756230633,0.20660119700323157,0.21303004676613543
5822,2,2,0.16965461888184497,0.24041254528580258,0.5899328358323525
5823,0,2,0.24106385221538776,0.25452619013348926,0.504409957651123
5824,2,2,0.2941907200422781,0.2602754066736935,0.4455338732840285
5825,2,2,0.21893473091230403,0.2561304604261499,0.5249348086615461
5826,0,0,0.721655090099913,0.16850922967322834,0.10983568022685862
5827,0,0,0.6453683791843101,0.20995080718095202,0.14468081363473784
5828,0,0,0.6314213203225302,0.19484307399131123,0.1737356056861586
5829,2,2,0.11207841664113695,0.19588197287641726,0.6920396104824459
5830,1,2,0.2761624447035019,0.25954531644642914,0.464292238850069
5831,2,2,0.18516465300488946,0.24174496220564443,0.5730903847894662
5832,2,2,0.12173852211699576,0.2262220752005834,0.6520394026824209
5833,2,2,0.041128103177895586,0.10526617784876598,0.8536057189733385
5834,0,2,0.37732094276279526,0.2377866100633697,0.384892447173835
5835,0,2,0.31254757893372903,0.2585224670516929,0.4289299540145781
5836,0,0,0.5887543539111612,0.2377982694959761,0.17344737659286266
5837,1,2,0.13948136552040158,0.19515528096796964,0.6653633535116289
5838,0,0,0.372157009598088,0.26207414430349846,0.3657688460984135
5839,1,2,0.11485022184248574,0.2134243902976457,0.6717253878598686
5840,2,2,0.30431683530231535,0.25878005133351406,0.43690311336417054
5841,1,2,0.29157364105142963,0.24505805798580968,0.46336830096276066
5842,0,2,0.3141895131885316,0.26013328898782406,0.42567719782364427
5843,1,0,0.5153388900074932,0.21963571426705616,0.26502539572545075
5844,2,2,0.04311724566881271,0.1149881520665533,0.8418946022646339
5845,1,0,0.3804306866797545,0.25526373258398005,0.3643055807362654
5846,2,2,0.08346753966019592,0.1773482293033722,0.7391842310364319
5847,0,2,0.3031502841795759,0.2590794725799804,0.43777024324044383
5848,2,0,0.4772353677216983,0.2552052466709411,0.26755938560736064
5849,0,0,0.47538988718245073,0.26241532760654457,0.26219478521100464
5850,2,2,0.05854125936038906,0.13709767388048072,0.8043610667591303
5851,0,0,0.5537752536103079,0.2489517966139386,0.1972729497757536
5852,0,2,0.32985323970680963,0.23960777811550854,0.43053898217768194
5853,1,2,0.2878760795830948,0.2583548058666812,0.4537691145502241
5854,1,2,0.21341449492608658,0.22413360114670286,0.5624519039272106
5855,0,2,0.21891897335437588,0.2520406777626823,0.5290403488829417
5856,0,2,0.21893473091230403,0.2561304604261499,0.5249348086615461
5857,0,2,0.09293628619219466,0.19220441590919113,0.7148592978986142
5858,0,2,0.29309366409100474,0.2603401732310759,0.44656616267791927
5859,2,2,0.16021978275307774,0.2473864790768523,0.5923937381700699
5860,1,2,0.2985581646936336,0.2593441808133816,0.44209765449298466
5861,1,2,0.3611976034474035,0.23854606936698372,0.4002563271856129
5862,1,2,0.23250139255121138,0.25507701900981017,0.5124215884389784
5863,2,2,0.2742834458546481,0.2566276805370676,0.4690888736082843
5864,0,0,0.4333118524838027,0.2329918872887886,0.3336962602274086
5865,2,2,0.1819994918943598,0.21504529246883372,0.6029552156368064
5866,0,0,0.5225121493179926,0.2445437708880394,0.23294407979396803
5867,2,2,0.25482962269144105,0.23577126176095498,0.509399115547604
5868,2,2,0.19932693992843756,0.2479311579630835,0.552741902108479
5869,0,0,0.6861268723867102,0.17908781653862194,0.13478531107466785
5870,1,2,0.26079784482635254,0.2583067764474281,0.48089537872621924
5871,0,0,0.6787950565221924,0.2013980883035886,0.11980685517421898
5872,1,2,0.10818295393526506,0.1829066819322226,0.7089103641325124
5873,2,2,0.1650162447469592,0.21236463857855006,0.6226191166744908
5874,2,2,0.3611976034474035,0.23854606936698372,0.4002563271856129
5875,1,0,0.3789771722646144,0.2557529039416845,0.3652699237937011
5876,2,2,0.16021978275307774,0.2473864790768523,0.5923937381700699
5877,2,2,0.12410359286397431,0.22090551498676397,0.6549908921492618
5878,2,2,0.18223349271684133,0.24393944816633528,0.5738270591168234
5879,0,0,0.45057845076388103,0.23068634977778948,0.31873519945832945
5880,2,2,0.03878686789746263,0.10670221912733993,0.8545109129751974
5881,2,2,0.21984088635043847,0.25209550824408505,0.5280636054054765
5882,2,2,0.22113950161470736,0.22487348589210812,0.5539870124931845
5883,1,2,0.29157364105142963,0.24505805798580968,0.46336830096276066
5884,2,2,0.19365998720353103,0.24696824059807052,0.5593717721983985
5885,1,0,0.47905403773862826,0.2468104101509997,0.27413555211037216
5886,2,2,0.33144425330631394,0.25997978163752405,0.408575965056162
5887,0,0,0.5122799356286366,0.25406184274113863,0.23365822163022487
5888,2,2,0.03510312288899754,0.09271431662437657,0.8721825604866259
5889,2,0,0.36923632969165165,0.26982365364563815,0.36094001666271025
5890,2,2,0.1340366746071543,0.20487190156694338,0.6610914238259024
5891,2,2,0.29157364105142963,0.24505805798580968,0.46336830096276066
5892,2,2,0.22087331487114067,0.2522391481331291,0.5268875369957303
5893,1,2,0.28005931205718126,0.257236864879097,0.46270382306372165
5894,2,0,0.39689312997154624,0.2541334294248165,0.3489734406036373
5895,1,2,0.32985323970680963,0.23960777811550854,0.43053898217768194
5896,1,2,0.15753598345616004,0.23642341939714143,0.6060405971466986
5897,2,0,0.3957967603443496,0.23657560993782742,0.36762762971782303
5898,0,0,0.6465565666058748,0.21630954931804064,0.13713388407608465
5899,1,2,0.233744178592479,0.2543397388773642,0.5119160825301569
5900,2,2,0.1748622081785413,0.20396487288190568,0.6211729189395531
5901,0,2,0.11886900762555433,0.18771163025388599,0.6934193621205597
5902,2,2,0.11033351770517985,0.21315556287635784,0.6765109194184623
5903,0,0,0.3998936728738839,0.2535592769607837,0.3465470501653324
5904,0,2,0.23639988382184451,0.25476708389706343,0.5088330322810921
5905,2,2,0.05299725718464595,0.13160306175329217,0.815399681062062
5906,2,2,0.05339870990995808,0.12915158088341763,0.8174497092066243
5907,2,2,0.32962847295537295,0.25834539338029133,0.4120261336643357
5908,2,2,0.0894128090883157,0.15394166374329543,0.7566455271683888
5909,2,0,0.4333118524838027,0.2329918872887886,0.3336962602274086
5910,1,2,0.13248554377081956,0.23573520404680362,0.6317792521823768
5911,2,2,0.20923686333276154,0.24463045817510098,0.5461326784921374
5912,0,2,0.19470185003114743,0.2463110645662684,0.5589870854025842
5913,2,2,0.34312768856293124,0.23959182698628026,0.4172804844507886
5914,0,0,0.721655090099913,0.16850922967322834,0.10983568022685862
5915,2,2,0.2656453432413425,0.25502132238722724,0.4793333343714303
5916,2,2,0.226432966863862,0.2558330594419765,0.5177339736941615
5917,0,0,0.41958804214303674,0.2647957593208374,0.3156161985361258
5918,0,0,0.5714369657894225,0.23775468160232907,0.1908083526082484
5919,2,2,0.3199935536252149,0.2591254711775724,0.4208809751972127
5920,0,0,0.4124168779991593,0.2583371332336208,0.32924598876721983
5921,2,0,0.41447874622243164,0.2349747778010632,0.35054647597650507
5922,0,0,0.6358435444511099,0.2145133276448112,0.14964312790407885
5923,2,2,0.07331661291186277,0.14335808473541692,0.7833253023527204
5924,0,2,0.277225000287067,0.2595077758997202,0.4632672238132129
5925,0,0,0.3957967603443496,0.23657560993782742,0.36762762971782303
5926,2,2,0.10180735011639408,0.19008215436516834,0.7081104955184376
5927,2,2,0.09293628619219466,0.19220441590919113,0.7148592978986142
5928,1,0,0.5825861030105577,0.2263714778871775,0.1910424191022648
5929,0,0,0.3727247551232753,0.2570304929768433,0.37024475189988143
5930,1,2,0.3554234430010474,0.2578141202486636,0.386762436750289
5931,0,2,0.0728279707917509,0.15958569412757245,0.7675863350806766
5932,0,0,0.4333118524838027,0.2329918872887886,0.3336962602274086
5933,2,2,0.13248554377081956,0.23573520404680362,0.6317792521823768
5934,1,2,0.11033351770517985,0.21315556287635784,0.6765109194184623
5935,2,2,0.09785932286979503,0.1650229585778436,0.7371177185523614
5936,2,0,0.44308035574977556,0.269641630007329,0.2872780142428954
5937,2,2,0.2256211662901616,0.25334365319397684,0.5210351805158616
5938,2,2,0.185506826617687,0.24438824537074974,0.5701049280115633
5939,2,2,0.07852721135210541,0.17179413421898052,0.749678654428914
5940,0,0,0.6314213203225302,0.19484307399131123,0.1737356056861586
5941,2,2,0.05252393456808641,0.12548298139696862,0.8219930840349449
5942,1,2,0.12173852211699576,0.2262220752005834,0.6520394026824209
5943,0,2,0.3384678698051307,0.2584103864386026,0.4031217437562668
5944,0,0,0.5322480326815141,0.24895587449850515,0.2187960928199807
5945,0,0,0.580368756230633,0.20660119700323157,0.21303004676613543
5946,2,0,0.3999315816469345,0.2541869788986567,0.3458814394544088
5947,2,2,0.17342076109554627,0.24007496965327949,0.5865042692511743
5948,1,2,0.30828380137558903,0.25776204720044227,0.4339541514239686
5949,0,2,0.35481154435156376,0.2582261987086874,0.38696225693974884
5950,2,2,0.08867618183370207,0.1716459861885729,0.7396778319777251
5951,0,0,0.6073682295447088,0.23136776173993157,0.16126400871535967
5952,2,2,0.13365645155055836,0.22643491232947355,0.6399086361199681
5953,1,2,0.1809960722545276,0.24367706280599097,0.5753268649394814
5954,2,2,0.041128103177895586,0.10526617784876598,0.8536057189733385
5955,0,2,0.06448908360471793,0.15054345471989464,0.7849674616753873
5956,0,2,0.1955464465145364,0.2570672096715017,0.5473863438139618
5957,0,2,0.29620787487693395,0.2587493361049981,0.44504278901806793
5958,2,2,0.3623814928279358,0.25661718295598,0.3810013242160841
5959,0,2,0.2664402043975841,0.2578003585903791,0.4757594370120368
5960,1,2,0.37732094276279526,0.2377866100633697,0.384892447173835
5961,2,2,0.3648815031974645,0.2567530157593236,0.378365481043212
5962,2,2,0.19235066435561055,0.21113252796388002,0.5965168076805094
5963,1,2,0.3558288876706269,0.26304045946702315,0.38113065286235
5964,0,2,0.3611976034474035,0.23854606936698372,0.4002563271856129
5965,1,0,0.48853965869402316,0.22462417098964227,0.2868361703163345
5966,0,0,0.44692036531570295,0.2670594538454544,0.2860201808388427
5967,2,2,0.18142499686858582,0.2438268662671908,0.5747481368642234
5968,2,2,0.15479485288391423,0.19869503235822705,0.6465101147578587
5969,0,2,0.14743077563314028,0.231989585883736,0.6205796384831237
5970,2,2,0.286745022487015,0.2586289053338321,0.4546260721791528
5971,2,0,0.39216373129131493,0.26046034736466617,0.3473759213440189
5972,1,2,0.0896566720847664,0.16050684788793393,0.7498364800272996
5973,1,0,0.721655090099913,0.16850922967322834,0.10983568022685862
5974,2,2,0.29157364105142963,0.24505805798580968,0.46336830096276066
5975,2,2,0.2413512353960544,0.25512746902442085,0.5035212955795247
5976,1,0,0.38163469017488716,0.2559891702357461,0.36237613958936665
5977,2,2,0.17700900326281419,0.25253815174119904,0.5704528449959868
5978,0,2,0.2641680620337728,0.2577844316189244,0.4780475063473027
5979,2,2,0.04695262904563367,0.11993946503857254,0.8331079059157938
5980,0,2,0.226432966863862,0.2558330594419765,0.5177339736941615
5981,2,0,0.38202230342667537,0.2661605992186014,0.3518170973547233
5982,2,0,0.48853965869402316,0.22462417098964227,0.2868361703163345
5983,0,0,0.43641548053743506,0.2623642709556959,0.30122024850686907
5984,0,2,0.13630954405512924,0.22786276277105702,0.6358276931738137
5985,2,2,0.34312768856293124,0.23959182698628026,0.4172804844507886
5986,2,2,0.04573473247556165,0.12220287967533176,0.8320623878491067
5987,2,2,0.05339870990995808,0.12915158088341763,0.8174497092066243
5988,1,2,0.21980895264471462,0.25239464621846985,0.5277964011368155
5989,0,2,0.27190480442518,0.25753365740035017,0.4705615381744698
5990,2,2,0.20734247927974483,0.24990542143837943,0.5427520992818756
5991,2,0,0.43393867450961204,0.2553900630741893,0.31067126241619863
5992,2,2,0.03510312288899754,0.09271431662437657,0.8721825604866259
5993,2,2,0.31419973328801704,0.2591007538588184,0.42669951285316454
5994,0,0,0.5680055439104892,0.23122017773787878,0.20077427835163203
5995,2,2,0.06448908360471793,0.15054345471989464,0.7849674616753873
5996,1,2,0.23278460013170202,0.25430696708625244,0.5129084327820456
5997,2,0,0.5519863847883101,0.24350781041720454,0.20450580479448544
5998,2,2,0.292514900642599,0.2568136844384927,0.45067141491890833
5999,2,0,0.46682660769054546,0.2280899599214382,0.3050834323880164
6000,2,0,0.3957967603443496,0.23657560993782742,0.36762762971782303
6001,2,2,0.3535551354865587,0.25860083268956857,0.3878440318238726
6002,1,0,0.5076897167122597,0.2606298581255338,0.23168042516220647
6003,2,2,0.22073326230071344,0.2524480083347863,0.5268187293645002
6004,2,2,0.061783869348926,0.14840476406511868,0.7898113665859553
6005,1,0,0.5697596485512207,0.24400011455155848,0.1862402368972208
6006,2,2,0.16021978275307774,0.2473864790768523,0.5923937381700699
6007,2,2,0.15721451881801196,0.23594295052813785,0.6068425306538503
6008,2,2,0.04755546602232367,0.12586156488738945,0.826582969090287
6009,2,2,0.17700900326281419,0.25253815174119904,0.5704528449959868
6010,0,0,0.5153388900074932,0.21963571426705616,0.26502539572545075
6011,2,0,0.4583402813332119,0.2510420478742131,0.2906176707925751
6012,0,2,0.34430794296172224,0.25750420655567624,0.3981878504826015
6013,0,0,0.45057845076388103,0.23068634977778948,0.31873519945832945
6014,1,2,0.2958846720987331,0.2582918896038553,0.44582343829741156
6015,1,2,0.16066990591483296,0.23704789463368822,0.6022821994514789
6016,0,2,0.14584671118933878,0.24174334458549548,0.6124099442251658
6017,0,0,0.49561551257465625,0.25802415650977867,0.24636033091556514
6018,0,0,0.48853965869402316,0.22462417098964227,0.2868361703163345
6019,1,2,0.1511178325051053,0.18978463554522415,0.6590975319496706
6020,2,0,0.5427174534854922,0.23892111176130768,0.2183614347532001
6021,1,0,0.46682660769054546,0.2280899599214382,0.3050834323880164
6022,0,0,0.6255583341174452,0.2247474666015679,0.1496941992809868
6023,0,2,0.33315741724354175,0.2590315446265278,0.40781103812993047
6024,2,2,0.14378039669316545,0.23155191819469567,0.6246676851121388
6025,2,2,0.05339870990995808,0.12915158088341763,0.8174497092066243
6026,2,2,0.06448908360471793,0.15054345471989464,0.7849674616753873
6027,2,2,0.2152148863219671,0.25098867416918136,0.5337964395088516
6028,2,2,0.18164036468116157,0.24308325083986917,0.5752763844789692
6029,1,2,0.1474245634088852,0.23278377700091374,0.6197916595902011
6030,0,2,0.23467007724744318,0.25467051076846453,0.5106594119840923
6031,2,2,0.0401838479536336,0.11009170723788508,0.8497244448084813
6032,2,2,0.3260859706485836,0.2578605418405303,0.41605348751088606
6033,2,2,0.20761668301457886,0.25813757987860136,0.5342457371068198
6034,2,2,0.041128103177895586,0.10526617784876598,0.8536057189733385
6035,1,0,0.41447874622243164,0.2349747778010632,0.35054647597650507
6036,1,2,0.3364454840322327,0.26370589512673615,0.3998486208410313
6037,1,0,0.4568166565526654,0.2590136736820537,0.284169669765281
6038,2,2,0.0810156208905868,0.15520758588781958,0.7637767932215935
6039,2,2,0.29157364105142963,0.24505805798580968,0.46336830096276066
6040,0,2,0.09304985317678205,0.18406739589189977,0.722882750931318
6041,0,2,0.13248554377081956,0.23573520404680362,0.6317792521823768
6042,2,2,0.31052966804501264,0.26068980055947577,0.4287805313955117
6043,0,0,0.42706121197459534,0.24981589005838278,0.32312289796702187
6044,2,2,0.34170266129547516,0.2593121865762917,0.3989851521282331
6045,0,2,0.2822332010611766,0.258753189194207,0.45901360974461636
6046,2,2,0.33598423382032483,0.259356906065386,0.40465886011428925
6047,0,0,0.686278212064468,0.19717858985781517,0.11654319807771674
6048,2,2,0.07997149588479324,0.1653986662954428,0.7546298378197639
6049,1,2,0.2628121940586459,0.2585795909919945,0.4786082149493596
6050,0,0,0.41447874622243164,0.2349747778010632,0.35054647597650507
6051,2,2,0.20560096676214182,0.24945695234066417,0.544942080897194
6052,2,2,0.20761668301457886,0.25813757987860136,0.5342457371068198
6053,2,2,0.3444151722736188,0.26037933630629945,0.39520549142008177
6054,1,2,0.25148178580167985,0.25540439420800953,0.4931138199903108
6055,2,2,0.3078883921510388,0.2594713909566029,0.4326402168923582
6056,2,2,0.14584671118933878,0.24174334458549548,0.6124099442251658
6057,2,2,0.1955464465145364,0.2570672096715017,0.5473863438139618
6058,0,2,0.20852947344729197,0.24940278745298672,0.5420677390997213
6059,1,0,0.3994019459368468,0.26725256563346333,0.33334548842968986
6060,0,2,0.2085062305183034,0.25059372692221366,0.540900042559483
6061,0,0,0.6861268723867102,0.17908781653862194,0.13478531107466785
6062,1,0,0.46682660769054546,0.2280899599214382,0.3050834323880164
6063,0,0,0.4431906203402682,0.24709681524320132,0.3097125644165305
6064,2,2,0.14538752311363273,0.20842783070258084,0.6461846461837865
6065,2,2,0.0655872294268593,0.1370754897477434,0.7973372808253973
6066,2,2,0.2823289111816533,0.2581892474056447,0.45948184141270204
6067,1,0,0.6314213203225302,0.19484307399131123,0.1737356056861586
6068,2,2,0.27081115212100804,0.25778275913376275,0.4714060887452292
6069,2,2,0.19441521432233153,0.2473026880443868,0.5582820976332816
6070,0,0,0.6129382319982732,0.22336099777779378,0.16370077022393292
6071,2,0,0.45057845076388103,0.23068634977778948,0.31873519945832945
6072,1,0,0.5342120361130044,0.2546356301115108,0.21115233377548479
6073,0,0,0.5217650101336073,0.23667739591258372,0.241557593953809
6074,2,2,0.14584671118933878,0.24174334458549548,0.6124099442251658
6075,1,2,0.21893473091230403,0.2561304604261499,0.5249348086615461
6076,2,2,0.06532097263586273,0.1430691683885435,0.7916098589755938
6077,0,2,0.12917654866378162,0.19214869204468474,0.6786747592915338
6078,2,2,0.12265487672523674,0.2004704838150064,0.6768746394597569
6079,1,2,0.32985323970680963,0.23960777811550854,0.43053898217768194
6080,1,2,0.1928396466566665,0.2465755500179937,0.5605848033253398
6081,2,2,0.03510312288899754,0.09271431662437657,0.8721825604866259
6082,1,2,0.22232707954262315,0.24535373626754656,0.5323191841898303
6083,2,2,0.3211933731167208,0.25880057856906913,0.42000604831421
6084,2,2,0.27964889351566746,0.25894424112824904,0.46140686535608355
6085,2,0,0.5153388900074932,0.21963571426705616,0.26502539572545075
6086,2,2,0.3049560610121458,0.25489380677951545,0.44015013220833865
6087,0,0,0.5940577256880222,0.230143519971704,0.17579875434027373
6088,2,2,0.20645645047385242,0.24983106635731778,0.5437124831688297
6089,2,2,0.226432966863862,0.2558330594419765,0.5177339736941615
6090,1,2,0.22316010215855334,0.2522813942007613,0.5245585036406853
6091,2,2,0.34312768856293124,0.23959182698628026,0.4172804844507886
6092,2,2,0.08087553992133618,0.14912652321320957,0.7699979368654543
6093,2,2,0.10775255237705769,0.169715511619451,0.7225319360034914
6094,2,2,0.09831698683218337,0.1779702813321431,0.7237127318356735
6095,2,2,0.29157364105142963,0.24505805798580968,0.46336830096276066
6096,1,2,0.15941971392701118,0.23612368429652397,0.6044566017764649
6097,0,0,0.5064804996877785,0.24069885311925768,0.25282064719296365
6098,2,2,0.09293628619219466,0.19220441590919113,0.7148592978986142
6099,2,2,0.19450732625372205,0.2470623558227767,0.5584303179235012
6100,0,0,0.6639603980675892,0.20894494509667716,0.12709465683573357
6101,2,2,0.20648455371271002,0.2495326819530271,0.5439827643342628
6102,2,2,0.12378725488445137,0.17660524976143072,0.6996074953541179
6103,2,0,0.4024222394382358,0.26680833966937045,0.33076942089239386
6104,0,2,0.1543784118411893,0.2104963513449781,0.6351252368138326
6105,2,2,0.1955464465145364,0.2570672096715017,0.5473863438139618
6106,2,2,0.16871227468999703,0.24006568376744616,0.5912220415425568
6107,0,2,0.23470633259377274,0.25437101926059014,0.5109226481456371
6108,2,2,0.11033351770517985,0.21315556287635784,0.6765109194184623
6109,0,2,0.20761668301457886,0.25813757987860136,0.5342457371068198
6110,0,2,0.17271318233905128,0.24042161073969115,0.5868652069212577
6111,2,2,0.17134326003411873,0.24023758354222405,0.5884191564236573
6112,2,0,0.4984366890888485,0.2506613703293989,0.2509019405817526
6113,2,2,0.37732094276279526,0.2377866100633697,0.384892447173835
6114,0,0,0.580368756230633,0.20660119700323157,0.21303004676613543
6115,0,0,0.6861268723867102,0.17908781653862194,0.13478531107466785
6116,1,2,0.3470875871873308,0.25775609085587414,0.39515632195679506
6117,2,2,0.058693776930290174,0.131142971186302,0.8101632518834079
6118,2,2,0.1974838945080974,0.24315577134657496,0.5593603341453276
6119,0,0,0.4138905913191966,0.251924615272107,0.3341847934086964
6120,0,2,0.2996903068440771,0.2575713667124064,0.44273832644351646
6121,0,2,0.3336220284192838,0.2576993300208172,0.40867864155989897
6122,1,0,0.5344770521290514,0.25386623575360034,0.21165671211734827
6123,1,0,0.6963574170241893,0.17552379967117362,0.12811878330463705
6124,2,2,0.18699969697520735,0.25540098601538547,0.5575993170094071
6125,0,2,0.19304594837141018,0.24612216838024226,0.5608318832483475
6126,1,2,0.06131692799156871,0.14235917151726027,0.7963239004911711
6127,0,2,0.29805527351843936,0.25939406005907023,0.4425506664224904
6128,2,2,0.09568478843141406,0.19230797767063196,0.7120072338979541
6129,2,0,0.3821498726461956,0.23694150001199565,0.3809086273418087
6130,0,2,0.1436127726250266,0.24095512292230584,0.6154321044526676
6131,2,2,0.03793488461756119,0.10549671784820285,0.8565683975342359
6132,0,2,0.3096633905792095,0.2583218762970084,0.432014733123782
6133,1,0,0.3983951741109604,0.2534773100419219,0.3481275158471177
6134,1,0,0.47233472626982653,0.25582840456693606,0.27183686916323746
6135,0,0,0.5549215304132313,0.21264586066279073,0.23243260892397807
6136,2,2,0.14038431851382469,0.22902033770251592,0.6305953437836594
6137,2,2,0.08085698918899942,0.15149798553667718,0.7676450252743234
6138,2,2,0.14942377402460916,0.2322832148985439,0.618293011076847
6139,0,2,0.13458279130638562,0.2365703276475517,0.6288468810460627
6140,0,0,0.6466057884082199,0.21638643956677095,0.13700777202500905
6141,2,2,0.29967416836673266,0.2578221217242884,0.44250370990897886
6142,0,2,0.3471672959548837,0.25634939406669205,0.39648330997842435
6143,1,2,0.29157364105142963,0.24505805798580968,0.46336830096276066
6144,1,2,0.16080175416940473,0.22530168163156,0.6138965641990353
6145,1,2,0.17020199957430154,0.2100035613304099,0.6197944390952885
6146,0,0,0.5078653975121143,0.25513251712609314,0.2370020853617924
6147,2,2,0.19254108844814238,0.24436979309710957,0.563089118454748
6148,1,2,0.2650004324140345,0.25634923864808284,0.4786503289378828
6149,1,2,0.1743285791349308,0.2519002133934505,0.5737712074716187
6150,0,0,0.44928023684912294,0.231069584324202,0.3196501788266751
6151,0,2,0.15273393922344433,0.2336050699533263,0.6136609908232294
6152,1,2,0.2049764257913667,0.25924058297495084,0.5357829912336824
6153,0,2,0.269701692786738,0.2553491731104652,0.4749491341027967
6154,1,2,0.1971609994262326,0.24735427445807318,0.5554847261156942
6155,0,2,0.2754390944422573,0.25879923730820326,0.4657616682495395
6156,2,2,0.19855780086114136,0.2460618378717079,0.5553803612671508
6157,2,0,0.5133932243696712,0.22015549584860566,0.26645127978172317
6158,0,0,0.7280435002945383,0.1659923095142781,0.1059641901911835
6159,2,2,0.2954185989328921,0.26051405266945477,0.4440673483976531
6160,0,0,0.4463182919328736,0.26075972315446894,0.2929219849126575
6161,0,0,0.6963574170241893,0.17552379967117362,0.12811878330463705
6162,2,2,0.04921331084057937,0.11984765783619414,0.8309390313232264
6163,2,2,0.07700619729870191,0.17022218174861437,0.7527716209526837
6164,2,2,0.29390650475362456,0.2583132669593017,0.44778022828707387
6165,2,2,0.10244362522231833,0.1618677160487726,0.7356886587289091
6166,2,2,0.12892033466561026,0.2230226616020316,0.6480570037323581
6167,2,2,0.2049764257913667,0.25924058297495084,0.5357829912336824
6168,2,2,0.133926686389054,0.20169079801220016,0.6643825155987458
6169,2,2,0.20692558041765846,0.248614676658748,0.5444597429235934
6170,0,2,0.226432966863862,0.2558330594419765,0.5177339736941615
6171,0,0,0.46830430634267406,0.2276083386236165,0.3040873550337094
6172,2,2,0.29157364105142963,0.24505805798580968,0.46336830096276066
6173,2,2,0.19404980920072126,0.24501454739460618,0.5609356434046725
6174,2,2,0.2187589383239795,0.2499979637251696,0.5312430979508509
6175,2,2,0.1258767972645443,0.22304816011517706,0.6510750426202787
6176,1,2,0.35068187465322365,0.2586557087117026,0.39066241663507373
6177,1,0,0.5332305132261318,0.24061812556098502,0.22615136121288315
6178,0,2,0.34491976205627706,0.2634832600755182,0.3915969778682047
6179,1,2,0.33475336694579333,0.25956608808698206,0.40568054496722467
6180,2,2,0.07437096524510199,0.1465717023660692,0.7790573323888288
6181,2,2,0.036345777611115654,0.10178139273129695,0.8618728296575874
6182,0,2,0.2086570480518146,0.22744021114994992,0.5639027407982355
6183,2,2,0.34861508089111976,0.25824443789154444,0.39314048121733575
6184,0,2,0.2620924381373634,0.25656907200437196,0.48133848985826466
6185,2,2,0.06176270541215722,0.13163491757121057,0.8066023770166322
6186,1,2,0.226432966863862,0.2558330594419765,0.5177339736941615
6187,0,0,0.49641914113001157,0.22265767361614142,0.2809231852538469
6188,2,2,0.1778088961409745,0.24129869764025622,0.5808924062187693
6189,0,0,0.6196951947606664,0.2211337500144964,0.1591710552248372
6190,2,2,0.18183415607243023,0.22872125960381084,0.5894445843237589
6191,2,2,0.06131692799156871,0.14235917151726027,0.7963239004911711
6192,2,2,0.1436127726250266,0.24095512292230584,0.6154321044526676
6193,2,2,0.15778380837059694,0.23453385027804918,0.6076823413513539
6194,2,2,0.29157364105142963,0.24505805798580968,0.46336830096276066
6195,2,2,0.25201473170665034,0.24986125242368712,0.4981240158696626
6196,2,2,0.22237863398714036,0.25094185989505763,0.526679506117802
6197,0,0,0.5841711811799574,0.23934207178813227,0.17648674703191033
6198,2,0,0.5597285810072552,0.23259423702522472,0.20767718196752002
6199,2,2,0.054760798550745136,0.1297418989951261,0.8154973024541288
6200,1,0,0.3740551467722597,0.26190526796265007,0.3640395852650902
6201,0,2,0.13566120054736236,0.21719359565322544,0.6471452037994123
6202,0,0,0.7280435002945383,0.1659923095142781,0.1059641901911835
6203,0,0,0.4177783403275572,0.23428915647953885,0.347932503192904
6204,2,0,0.4668909934529648,0.2631877948726483,0.26992121167438676
6205,0,2,0.34763960009461575,0.2567772879632191,0.3955831119421651
6206,2,2,0.3299148541172229,0.2592167334881845,0.41086841239459265
6207,2,2,0.24100078324461444,0.2539306989784126,0.5050685177769729
6208,2,2,0.1436127726250266,0.24095512292230584,0.6154321044526676
6209,1,2,0.14689889937703074,0.20559113890243957,0.6475099617205298
6210,2,2,0.348518509275959,0.23857076747871409,0.4129107232453268
6211,2,2,0.15544556786363245,0.24592834508277883,0.5986260870535887
6212,2,2,0.3132360237610396,0.2564021071993501,0.4303618690396104
6213,0,2,0.20781263929204555,0.24897965510070152,0.543207705607253
6214,2,2,0.17073311464903745,0.23892219492500036,0.5903446904259622
6215,1,2,0.2799965719149505,0.25807168597246416,0.4619317421125854
6216,0,2,0.14432272364264967,0.18844561183855657,0.6672316645187938
6217,0,0,0.5133932243696712,0.22015549584860566,0.26645127978172317
6218,2,2,0.16686183481584474,0.19952969730111858,0.6336084678830366
6219,0,0,0.6669525593890986,0.20779183872923193,0.12525560188166945
6220,2,0,0.46830430634267406,0.2276083386236165,0.3040873550337094
6221,1,0,0.6963574170241893,0.17552379967117362,0.12811878330463705
6222,2,2,0.07700619729870191,0.17022218174861437,0.7527716209526837
6223,2,0,0.3900994979335113,0.2531264202609155,0.3567740818055732
6224,2,2,0.23331455939354276,0.25306987391178987,0.5136155666946673
6225,2,2,0.11672317606147362,0.21541550531834225,0.6678613186201842
6226,0,0,0.48918240104600846,0.25189987918363554,0.2589177197703559
6227,1,2,0.20934572917897146,0.24958970309845777,0.5410645677225707
6228,0,2,0.19719000535195536,0.247140359746379,0.5556696349016657
6229,2,2,0.17432857913493086,0.2519002133934505,0.5737712074716187
6230,2,0,0.3791054846832726,0.255911518566319,0.36498299675040835
6231,2,2,0.18283980799720073,0.24230119073034148,0.5748590012724578
6232,2,2,0.09627532021757161,0.15515115994447484,0.7485735198379536
6233,2,2,0.3642446398073021,0.2379973386803973,0.39775802151230066
6234,2,0,0.5605132824898391,0.24099751136083758,0.1984892061493233
6235,2,2,0.06131692799156871,0.14235917151726027,0.7963239004911711
6236,2,2,0.10626053040911751,0.20001864007562384,0.6937208295152586
6237,0,2,0.28356328800746644,0.25767331058058507,0.4587634014119484
6238,2,2,0.07630980111369835,0.14347376560836983,0.7802164332779319
6239,2,2,0.22538289700114844,0.2521470975261401,0.5224700054727115
6240,1,2,0.22399765025619467,0.25166832647439247,0.5243340232694129
6241,1,0,0.42944969929541393,0.26338528405687434,0.3071650166477117
6242,2,2,0.05981284820141485,0.13476913099968613,0.805418020798899
6243,1,2,0.348518509275959,0.23857076747871409,0.4129107232453268
6244,2,0,0.49641914113001157,0.22265767361614142,0.2809231852538469
6245,2,2,0.18699969697520735,0.25540098601538547,0.5575993170094071
6246,2,2,0.332955019441612,0.25780907537228603,0.4092359051861019
6247,2,2,0.15544556786363245,0.24592834508277883,0.5986260870535887
6248,2,2,0.3636809573264371,0.2559906440066122,0.3803283986669506
6249,2,2,0.23062766530826548,0.2547066279570436,0.514665706734691
6250,0,0,0.7280435002945383,0.1659923095142781,0.1059641901911835
6251,0,2,0.09519403097773642,0.19485459748940617,0.7099513715328573
6252,2,2,0.1263540312693977,0.212872692994094,0.6607732757365083
6253,2,2,0.08654445019308113,0.17583534844792212,0.7376202013589968
6254,1,0,0.6378009449728419,0.21419238818382302,0.14800666684333508
6255,0,2,0.0556587582002737,0.12571173601705268,0.8186295057826737
6256,1,2,0.13458279130638562,0.2365703276475517,0.6288468810460627
6257,2,2,0.04197789613137576,0.11487615462312933,0.8431459492454948
6258,2,2,0.22003028051821066,0.25009249082752555,0.5298772286542638
6259,0,0,0.44138192445565966,0.25284088362441803,0.3057771919199223
6260,1,2,0.3625091062543399,0.27036488569166994,0.36712600805399015
6261,0,2,0.30967353844357404,0.2597048995239188,0.4306215620325071
6262,0,0,0.3974272251969547,0.23626478268624462,0.36630799211680054
6263,1,0,0.46830430634267406,0.2276083386236165,0.3040873550337094
6264,0,2,0.2653539165859407,0.2565683635269766,0.4780777198870828
6265,1,2,0.23685261063316343,0.2542578015540205,0.5088895878128161
6266,2,2,0.226432966863862,0.2558330594419765,0.5177339736941615
6267,0,2,0.23432792109581524,0.25243743940637964,0.5132346394978051
6268,0,0,0.49641914113001157,0.22265767361614142,0.2809231852538469
6269,2,2,0.21348965050474972,0.2585846017098918,0.5279257477853585
6270,2,0,0.3851453055125525,0.26519638539175766,0.3496583090956899
6271,2,0,0.4917981069613717,0.26251948628521016,0.24568240675341815
6272,0,2,0.27780500174572115,0.25854179504422475,0.4636532032100542
6273,2,2,0.29157364105142963,0.24505805798580968,0.46336830096276066
6274,1,2,0.31191447551098433,0.25960849570243766,0.428477028786578
6275,2,2,0.048977362625268604,0.12407391560888188,0.8269487217658494
6276,2,0,0.5549215304132313,0.21264586066279073,0.23243260892397807
6277,1,2,0.18140170281888088,0.2431243040328459,0.5754739931482732
6278,2,2,0.06789903155893394,0.1377514531963051,0.7943495152447609
6279,2,2,0.18147467519435106,0.24151806016507005,0.5770072646405788
6280,0,2,0.3497846470387594,0.2704648749033162,0.37975047805792445
6281,2,2,0.16282282528997274,0.23659995775191284,0.6005772169581144
6282,1,0,0.39159612972007685,0.2550527714337227,0.3533510988462004
6283,0,0,0.4202371762727343,0.24921242784791633,0.33055039587934937
6284,2,2,0.10367003542016055,0.1877517021694903,0.7085782624103492
6285,1,0,0.4349746091604921,0.23262039053433511,0.3324050003051727
6286,0,2,0.1491337589183833,0.2215015518903665,0.6293646891912502
6287,1,0,0.5975661485128739,0.22912901319113566,0.1733048382959904
6288,2,2,0.03287513073335445,0.08900664735652997,0.8781182219101157
6289,2,2,0.36773407559929144,0.25656436731817694,0.3757015570825316
6290,2,2,0.13458279130638562,0.2365703276475517,0.6288468810460627
6291,2,2,0.19904941038362234,0.2451821530071871,0.5557684366091905
6292,0,0,0.4003246815991054,0.2591815417811752,0.34049377661971936
6293,0,0,0.3925387029618689,0.26795930859469547,0.33950198844343565
6294,0,0,0.3821498726461956,0.23694150001199565,0.3809086273418087
6295,1,2,0.32985323970680963,0.23960777811550854,0.43053898217768194
6296,1,2,0.13767261606895415,0.22734312494395506,0.6349842589870908
6297,2,0,0.5964964954724534,0.23514938179836115,0.16835412272918548
6298,1,2,0.20545628133386593,0.24749104463393234,0.5470526740322017
6299,1,2,0.0376582659067455,0.09915115070534593,0.8631905833879085
6300,2,2,0.07700619729870191,0.17022218174861437,0.7527716209526837
6301,1,2,0.2847795772016293,0.25761242617589114,0.4576079966224796
6302,2,2,0.07945956291650651,0.1694728103050148,0.7510676267784786
6303,2,2,0.29157364105142963,0.24505805798580968,0.46336830096276066
6304,2,2,0.31525227066313793,0.2582814121541373,0.4264663171827248
6305,2,2,0.2891339665293974,0.2594994070940138,0.45136662637658875
6306,2,2,0.3277797323114208,0.25737246362872396,0.4148478040598551
6307,1,2,0.3675788436212384,0.25739115721729394,0.3750299991614676
6308,2,2,0.25407592685701175,0.23623852889469543,0.5096855442482928
6309,2,2,0.14536053789784747,0.23124904681978295,0.6233904152823696
6310,2,2,0.2954648574245116,0.258034222716653,0.44650091985883533
6311,1,2,0.23683228361331776,0.252984646707714,0.5101830696789683
6312,2,2,0.06747806148677937,0.14101129003998153,0.7915106484732393
6313,1,2,0.3642446398073021,0.2379973386803973,0.39775802151230066
6314,2,2,0.21348965050474972,0.2585846017098918,0.5279257477853585
6315,2,0,0.44928023684912294,0.231069584324202,0.3196501788266751
6316,2,2,0.3263132947088021,0.25904557376833315,0.41464113152286475
6317,2,0,0.5549215304132313,0.21264586066279073,0.23243260892397807
6318,0,0,0.531295865597197,0.2492237560890534,0.2194803783137496
6319,1,2,0.27940150288960086,0.2554151986726531,0.46518329843774614
6320,2,2,0.1729685199477221,0.24088620029260543,0.5861452797596725
6321,2,2,0.03287513073335445,0.08900664735652997,0.8781182219101157
6322,0,0,0.4349746091604921,0.23262039053433511,0.3324050003051727
6323,1,2,0.3255652847433141,0.25986683713956493,0.41456787811712104
6324,0,0,0.5133503626887947,0.2460105957913828,0.24063904151982254
6325,0,2,0.29157364105142963,0.24505805798580968,0.46336830096276066
6326,2,2,0.31765640212886587,0.25739857643214104,0.42494502143899304
6327,2,2,0.07199989451111591,0.1626556664702379,0.7653444390186462
6328,1,2,0.29393373884600116,0.25980040966418266,0.4462658514898161
6329,0,2,0.20717374063187374,0.2478594754998868,0.5449667838682395
6330,2,2,0.09519403097773642,0.19485459748940617,0.7099513715328573
6331,2,2,0.115291674637341,0.20662524605513563,0.6780830793075234
6332,0,0,0.4785471667452639,0.2612928472005429,0.2601599860541932
6333,2,0,0.5617786594415085,0.2464951306035755,0.19172620995491607
6334,2,2,0.25938117161314544,0.25677214796751635,0.4838466804193383
6335,1,2,0.2651592855341358,0.25806597064783093,0.47677474381803325
6336,1,2,0.20807196678389583,0.24944602192394436,0.5424820112921598
6337,2,2,0.37038313212884255,0.255055854767433,0.3745610131037244
6338,0,0,0.3974272251969547,0.23626478268624462,0.36630799211680054
6339,2,0,0.5133932243696712,0.22015549584860566,0.26645127978172317
6340,1,2,0.18928200602899903,0.2119205613923746,0.5987974325786263
6341,2,2,0.348518509275959,0.23857076747871409,0.4129107232453268
6342,0,2,0.12467248838776776,0.17465274286786386,0.7006747687443684
6343,1,2,0.29530066123385224,0.2561668068917365,0.44853253187441133
6344,2,2,0.16924207897915688,0.2272547050758711,0.603503215944972
6345,2,2,0.28562723446867466,0.2562384208861497,0.4581343446451756
6346,2,2,0.10262441845642507,0.20472410785817977,0.6926514736853953
6347,0,0,0.6329446219603998,0.2219494593529936,0.14510591868660674
6348,2,2,0.09519403097773642,0.19485459748940617,0.7099513715328573
6349,2,2,0.11488772982366462,0.19313246339553095,0.6919798067808045
6350,2,2,0.11971049737291774,0.22420321787951042,0.6560862847475717
6351,0,0,0.5442853235247953,0.2456612467450629,0.21005342973014174
6352,2,2,0.350796985609957,0.2634154055578394,0.38578760883220364
6353,0,0,0.5087163791334914,0.24096450632507224,0.2503191145414363
6354,2,2,0.2465195016643465,0.25488901434753275,0.49859148398812064
6355,0,2,0.25140266869040145,0.2609083658797979,0.4876889654298006
6356,2,2,0.1669427420100034,0.24308287551743749,0.5899743824725592
6357,0,0,0.5533430831097905,0.247977508622779,0.19867940826743052
6358,0,2,0.35782687436942473,0.26341108119634327,0.378762044434232
6359,0,0,0.4519220379672149,0.23654610442007704,0.311531857612708
6360,1,0,0.37372663816732676,0.2587225401369193,0.3675508216957539
6361,1,2,0.07902008348944703,0.17258943187952502,0.7483904846310281
6362,2,2,0.19449373962753785,0.2510531993009269,0.5544530610715352
6363,2,2,0.14480232993549125,0.2352387403433624,0.6199589297211463
6364,0,2,0.34847260135554564,0.2558621724694688,0.39566522617498556
6365,0,0,0.3829057382995766,0.24828460898024457,0.3688096527201789
6366,1,2,0.10665424849653123,0.20595305532341157,0.6873926961800572
6367,2,2,0.21291876935088022,0.2572819074078889,0.5297993232412308
6368,2,2,0.06492559879212342,0.1464513912147681,0.7886230099931085
6369,2,2,0.3457669494637011,0.2594404490032823,0.3947926015330165
6370,2,2,0.32583598938695846,0.25727779392841893,0.41688621668462256
6371,1,0,0.5810915447785002,0.22644408141544775,0.1924643738060521
6372,2,2,0.22335647350926807,0.25786022099197875,0.5187833054987533
6373,2,2,0.1496373290803089,0.21297373453749896,0.6373889363821921
6374,2,2,0.09141750741719472,0.188577136886538,0.7200053556962672
6375,2,2,0.13947628674255083,0.23301951465598844,0.6275041986014608
6376,1,0,0.3850170078859398,0.26001746260864544,0.3549655295054148
6377,1,2,0.3420153529179115,0.2641685246373244,0.3938161224447642
6378,1,2,0.21318110794411743,0.2565087901157164,0.5303101019401661
6379,2,2,0.23022219267689573,0.2601447123393759,0.5096330949837282
6380,0,2,0.22921255030106377,0.25527808010751546,0.5155093695914208
6381,1,2,0.2979757296101872,0.25824545247057434,0.4437788179192385
6382,2,0,0.5142503284152254,0.26050163745568594,0.22524803412908861
6383,1,0,0.5126647556343961,0.2530333087982887,0.23430193556731524
6384,0,2,0.3235240726560888,0.27202723271537393,0.40444869462853733
6385,2,2,0.1089227387177475,0.2087918510380724,0.68228541024418
6386,0,2,0.15978682857427862,0.24089119903883405,0.5993219723868873
6387,1,2,0.08964088393856452,0.18429271806010342,0.7260663980013321
6388,0,2,0.14137095640064173,0.23375919973230327,0.624869843867055
6389,1,2,0.13845321951670858,0.22668612728281265,0.6348606532004788
6390,2,2,0.10592428682614913,0.19269300108213377,0.7013827120917171
6391,0,0,0.43729759282394043,0.24199662923459941,0.32070577794146005
6392,1,2,0.29769550800356503,0.2639567115574775,0.43834778043895745
6393,0,0,0.4648705731947942,0.24384437006131318,0.29128505674389255
6394,1,2,0.22321291968242057,0.25557173555816415,0.5212153447594152
6395,1,2,0.30572903497795684,0.2447518401754074,0.4495191248466357
6396,0,0,0.5830615476901252,0.23470176529593806,0.18223668701393683
6397,2,2,0.16767967929874839,0.243069382972753,0.5892509377284987
6398,1,0,0.430785511178404,0.24886879225353123,0.32034569656806466
6399,2,2,0.23945558048958507,0.2589131651620861,0.5016312543483288
6400,0,2,0.36586232464371593,0.25480810452607305,0.379329570830211
6401,1,2,0.3111228199023023,0.2651439106205128,0.42373326947718504
6402,2,2,0.3035994851810513,0.2649330151734372,0.4314674996455114
6403,1,0,0.5520304300302019,0.22262591281209554,0.2253436571577025
6404,1,0,0.5974407103128696,0.2177804466862618,0.1847788430008685
6405,2,2,0.2544498262056973,0.2563613913736114,0.48918878242069125
6406,2,2,0.0679794175647172,0.15615642165759136,0.7758641607776915
