,Outcome,Prediction,ProbA,ProbD,ProbH
6120,0,2,0.2620183463438993,0.26789143559946205,0.47009021805663864
6121,0,0,0.38545726911183215,0.25851355508799345,0.3560291758001745
6122,1,0,0.5000035065625429,0.2354166490695848,0.26457984436787235
6123,1,2,0.35792969806901115,0.2504078925915208,0.39166240933946816
6124,2,2,0.3635678373868802,0.2615060905268621,0.3749260720862578
6125,0,2,0.33364774059786395,0.26474699489315945,0.40160526450897666
6126,1,2,0.13551326701534783,0.18727480391597154,0.6772119290686806
6127,0,2,0.29671658296889464,0.26725335177045023,0.4360300652606551
6128,2,2,0.12901896949350006,0.23048659770924856,0.6404944327972514
6129,2,2,0.21660355905035034,0.26570332144087566,0.5176931195087741
6130,0,0,0.46621411665461127,0.24343544990381003,0.29035043344157874
6131,2,2,0.0752737490883301,0.14923958065578388,0.7754866702558861
6132,0,0,0.39447020326487003,0.2571376264792452,0.3483921702558848
6133,1,2,0.3099312447431775,0.2665588262070184,0.4235099290498041
6134,1,0,0.3871758394386002,0.25825752686927694,0.354566633692123
6135,0,0,0.42961086636125934,0.25101650758503474,0.3193726260537059
6136,2,2,0.17780451802609382,0.26041088895771586,0.5617845930161903
6137,2,2,0.07791402915986323,0.16027623577521663,0.7618097350649201
6138,2,2,0.11787382508451945,0.22631575297234044,0.6558104219431401
6139,0,2,0.36565560783671897,0.2612425904611005,0.37310180170218055
6140,0,0,0.6083541450337817,0.20359050784513016,0.1880553471210882
6141,2,0,0.46398702734057573,0.2439302335196849,0.2920827391397395
6142,0,2,0.2587707141676702,0.26785618647974785,0.473373099352582
6143,1,2,0.10890760627286243,0.18199013670212416,0.7091022570250133
6144,1,2,0.18555105732673904,0.24674229413234458,0.5677066485409165
6145,1,2,0.10923907751202372,0.17451748655039975,0.7162434359375764
6146,0,0,0.5456190010466002,0.22312370079855567,0.23125729815484408
6147,2,2,0.23119344714768844,0.26682539975504155,0.5019811530972701
6148,1,2,0.3531848257783784,0.26274565731081284,0.3840695169108087
6149,1,0,0.45420661258021344,0.2460524622231897,0.2997409251965969
6150,0,2,0.18215699359786586,0.26119201970931233,0.5566509866928219
6151,0,2,0.21510709430375885,0.2655636310653276,0.5193292746309135
6152,1,0,0.40236535654777694,0.25586579915499963,0.3417688442972234
6153,0,2,0.22432578621779714,0.2663503761396914,0.5093238376425114
6154,1,2,0.18734321760815997,0.2592405717686211,0.553416210623219
6155,0,2,0.2510112672276037,0.2677010764702131,0.4812876563021832
6156,2,2,0.2688605711999924,0.26791011060743564,0.46322931819257185
6157,2,2,0.08681813486425992,0.16681676960628586,0.7463650955294543
6158,0,0,0.5297615389565783,0.22758348442486184,0.24265497661855984
6159,2,0,0.40571230409981857,0.2553082043476757,0.3389794915525058
6160,0,0,0.47286905301442245,0.2419317270515907,0.28519921993398695
6161,0,0,0.5483198792289568,0.22234462046476114,0.22933550030628208
6162,2,2,0.09045968693141646,0.1346145716744454,0.7749257413941381
6163,2,2,0.16084283678697162,0.2387533034274852,0.6004038597855432
6164,2,2,0.3543675904042655,0.26261048074192045,0.38302192885381403
6165,2,2,0.09896479811636498,0.15070719752439093,0.7503280043592441
6166,2,2,0.20594912211736036,0.2646034946650675,0.5294473832175721
6167,2,2,0.35747180171616133,0.26224828756006957,0.38027991072376904
6168,2,2,0.07498104162768358,0.14805192091720623,0.7769670374551101
6169,2,2,0.22705102398315125,0.2665499480807659,0.5063990279360828
6170,0,0,0.5412024683987562,0.2243854937517218,0.23441203784952203
6171,0,2,0.10772542507457376,0.178744403709438,0.7135301712159884
6172,2,2,0.27341938006137534,0.26788170153574775,0.4586989184028769
6173,2,2,0.16842125046900713,0.2585445428488005,0.5730342066821924
6174,2,2,0.269387999934072,0.2679084750445233,0.4627035250214047
6175,2,2,0.2317055108053043,0.266857146560687,0.5014373426340086
6176,1,2,0.2257148557998185,0.2664539398400812,0.5078312043601003
6177,1,0,0.5506653102523483,0.22166349798999435,0.22767119175765727
6178,0,0,0.5081595999539804,0.2333402636574043,0.25850013638861535
6179,1,2,0.2712068101204974,0.2120596481200692,0.5167335417594333
6180,2,2,0.07324935799044419,0.13069264257867425,0.7960579994308816
6181,2,2,0.07319918339576463,0.14096948224053557,0.7858313343636998
6182,0,2,0.31144404703951134,0.23772853755814957,0.450827415402339
6183,2,2,0.2747239263965134,0.2678676824373363,0.4574083911661504
6184,0,0,0.3892525632456326,0.25794414272996263,0.3528032940244047
6185,2,2,0.06684231769664577,0.1176168000821268,0.8155408822212276
6186,1,2,0.3112510598420257,0.26647671735666456,0.4222722228013098
6187,0,2,0.3495704457152946,0.26314899495203553,0.38728055933266997
6188,2,2,0.24576165501357777,0.267537814528761,0.48670053045766115
6189,0,0,0.6362163647743782,0.19396416545622971,0.1698194697693922
6190,2,2,0.17124230696975912,0.23795415252310842,0.5908035405071326
6191,2,2,0.35952344263188757,0.24201963482221195,0.3984569225459004
6192,2,2,0.24766157394855198,0.26760244518185194,0.484735980869596
6193,2,2,0.19506779824293463,0.26321556946068464,0.5417166322963807
6194,2,0,0.43679743797371634,0.24962222498057077,0.313580337045713
6195,2,2,0.23598660464837587,0.26710308536674315,0.49691030998488084
6196,2,2,0.10468159358179512,0.210457134090946,0.6848612723272589
6197,0,0,0.6269384388113642,0.19723426469805286,0.17582729649058296
6198,2,0,0.4752802641885108,0.2413776293380097,0.2833421064734795
6199,2,2,0.07664989523624215,0.1549180480884288,0.768432056675329
6200,1,0,0.4976636414599478,0.23600237333075838,0.26633398520929386
6201,0,2,0.24758391426893295,0.267409561759585,0.48500652397148203
6202,0,0,0.5711352764472741,0.215539656155691,0.21332506739703488
6203,0,2,0.10199851377862436,0.187370648942995,0.7106308372783807
6204,2,0,0.5697017518090706,0.21597893732574047,0.21431931086518893
6205,0,0,0.4033213651252262,0.25570764181692923,0.3409709930578445
6206,2,2,0.2631744607204446,0.2678998453514847,0.46892569392807076
6207,2,2,0.33201853648374574,0.2648936657621647,0.4030877977540896
6208,2,2,0.2660993920010924,0.2679115374080883,0.46598907059081923
6209,1,2,0.1557482378262302,0.2020282890527248,0.6422234731210451
6210,2,2,0.08121442738986095,0.1749488157014355,0.7438367569087034
6211,2,2,0.30191229554183685,0.2670083076155972,0.43107939684256597
6212,2,2,0.2134887681760996,0.26540721746917856,0.5211040143547219
6213,0,2,0.14747152344873454,0.24741393163176312,0.6051145449195022
6214,2,2,0.15972551928975945,0.2565777464329418,0.5836967342772987
6215,1,2,0.26878691825427964,0.26791030436854374,0.46330277737717657
6216,0,2,0.18808150260304535,0.19762691636797394,0.6142915810289807
6217,0,2,0.264490773545567,0.2679068003069801,0.46760242614745295
6218,2,2,0.13339813650219734,0.1580879221286239,0.7085139413691788
6219,0,0,0.6611799987433715,0.18484466650025105,0.15397533475637734
6220,2,2,0.2938946401883661,0.26737088191247166,0.4387344778991622
6221,1,0,0.4765411730821482,0.24108591917241018,0.2823729077454416
6222,2,2,0.35866765346657936,0.2621059083240031,0.3792264382094176
6223,2,0,0.4256597267317445,0.2517629415453488,0.32257733172290676
6224,2,2,0.2175102310644242,0.2657856649946077,0.5167041039409681
6225,2,2,0.25922296654594706,0.26786212966079176,0.47291490379326123
6226,0,0,0.48250680243099453,0.23968768747726896,0.27780551009173654
6227,1,0,0.42847778593180597,0.25123203431780383,0.32029017975039026
6228,0,2,0.297452762245771,0.26722087813253453,0.43532635962169447
6229,2,2,0.23905815782106724,0.2672584261739146,0.4936834160050182
6230,2,2,0.2644722929682168,0.2679067218923014,0.4676209851394817
6231,2,2,0.18723911458390305,0.26203966752282654,0.5507212178932704
6232,2,2,0.06995744684540614,0.12870294915357977,0.801339604001014
6233,2,2,0.08416973137741914,0.18900411018556304,0.7268261584370179
6234,2,0,0.5343992076519397,0.2262994842058337,0.23930130814222664
6235,2,2,0.16219576324919696,0.20541882956763174,0.6323854071831713
6236,2,2,0.0992885978790883,0.20547106940219312,0.6952403327187185
6237,0,0,0.4957579400360569,0.23647611674062244,0.2677659432233207
6238,2,2,0.06825199409810236,0.12255181417432794,0.8091961917275697
6239,2,2,0.30480452232524735,0.2668560564162109,0.42833942125854185
6240,1,2,0.29349571818175907,0.2673866022886673,0.43911767952957376
6241,1,0,0.3883924324789222,0.2580744687230512,0.35353309879802663
6242,2,2,0.14441264089812667,0.18530110785387172,0.6702862512480016
6243,1,2,0.1738468071147215,0.2596547816206099,0.5664984112646686
6244,2,2,0.3156197232878374,0.2661888343681782,0.4181914423439844
6245,2,0,0.5797142547786953,0.21287814050757944,0.2074076047137253
6246,2,2,0.2673801757054849,0.26791237044507926,0.4647074538494359
6247,2,2,0.3190326352460013,0.2659469300254232,0.41502043472857547
6248,2,0,0.3835578949347195,0.2587930144848527,0.35764909058042776
6249,2,2,0.1997248690734863,0.2638436220111193,0.5364315089153944
6250,0,0,0.4084352195994064,0.25484656622338975,0.3367182141772039
6251,0,2,0.3555902955898288,0.2624690969064205,0.38194060750375075
6252,2,2,0.09138507132942178,0.19228298517326176,0.7163319434973165
6253,2,2,0.07773572654725652,0.1595120311271717,0.7627522423255718
6254,1,0,0.6076037315848288,0.20384172815891766,0.1885545402562535
6255,0,2,0.07147899667787715,0.13436408100401837,0.7941569223181045
6256,1,0,0.5498628205450506,0.22189702198703778,0.22824015746791163
6257,2,2,0.07477930233658717,0.14723740383613526,0.7779832938272777
6258,2,2,0.2522632692411045,0.26773298150652974,0.48000374925236583
6259,0,0,0.5398831659186482,0.22475947723664055,0.23535735684471124
6260,1,0,0.42153564917197667,0.25252664220219845,0.32593770862582483
6261,0,2,0.2120086877313528,0.26525925106250287,0.5227320612061443
6262,0,2,0.32867128493540876,0.26518495942415543,0.4061437556404358
6263,1,2,0.2932816250341395,0.26739494730362795,0.4393234276622326
6264,0,2,0.20728735998930833,0.2608623147807552,0.5318503252299364
6265,1,0,0.38136436093388715,0.2591111515752241,0.35952448749088883
6266,2,2,0.36638516881271144,0.2611494014435588,0.3724654297437297
6267,0,2,0.190439371926307,0.26253898680455645,0.5470216412691365
6268,0,2,0.17889535137529466,0.22604783845596613,0.5950568101687392
6269,2,2,0.3532641170065786,0.2627366442061468,0.38399923878727454
6270,2,0,0.3816998403683843,0.2366801950343696,0.38161996459724623
6271,2,0,0.3910462841343038,0.25766995948397314,0.35128375638172304
6272,0,2,0.23700375592536146,0.26715646030365753,0.495839783770981
6273,2,0,0.44519827735946227,0.24793324310952883,0.306868479531009
6274,1,2,0.23475153727767775,0.26703568004771483,0.4982127826746074
6275,2,2,0.07947767167025596,0.16710056816006652,0.7534217601696775
6276,2,0,0.46767051624177464,0.2431095916481916,0.28921989211003374
6277,1,2,0.2334232597148603,0.2669599888031869,0.4996167514819528
6278,2,2,0.07486468057672123,0.14758171551937363,0.7775536039039052
6279,2,2,0.18404611583038316,0.26151507828257803,0.5544388058870389
6280,0,0,0.47637487606717444,0.24112446846159227,0.2825006554712333
6281,2,2,0.19017898313011555,0.2624993342780029,0.5473216825918816
6282,1,2,0.34507525057448557,0.26362993047165373,0.3912948189538607
6283,0,0,0.38795744053775694,0.25814009328259413,0.353902466179649
6284,2,2,0.1795085971004552,0.20500637487123977,0.615485028028305
6285,1,2,0.20139137467641866,0.24308345192490968,0.5555251733986716
6286,0,2,0.165396460560537,0.2466575506775721,0.5879459887618909
6287,1,0,0.5901207505761503,0.2095748816813081,0.20030436774254168
6288,2,2,0.06867570925822562,0.1240613137482122,0.8072629769935621
6289,2,2,0.3666478703525168,0.2611157054172461,0.3722364242302371
6290,2,0,0.402178001251079,0.2558966897945126,0.3419253089544085
6291,2,2,0.2122568834616251,0.26528439336987064,0.5224587231685043
6292,0,0,0.3727195438371802,0.26031634088326444,0.3669641152795554
6293,0,0,0.438444033610538,0.2492961692147342,0.3122597971747279
6294,0,2,0.21916341218188917,0.26593139423347484,0.514905193584636
6295,1,2,0.22194390785278612,0.26616379026725295,0.5118923018799609
6296,1,2,0.16974932186363428,0.25882436832618394,0.5714263098101818
6297,2,0,0.4950182363961068,0.2366592018992969,0.2683225617045963
6298,1,2,0.17541609384091247,0.2599599083205437,0.5646239978385438
6299,1,2,0.200835252479157,0.1963413817288905,0.6028233657919524
6300,2,2,0.20225941400893316,0.26128225475322825,0.5364583312378386
6301,1,0,0.4464023528931996,0.24768600181339614,0.30591164529340437
6302,2,2,0.07591422794099738,0.15186279987153775,0.7722229721874649
6303,2,2,0.12290397516089255,0.19355693694233583,0.6835390878967716
6304,2,0,0.4126258738842161,0.25412217132859366,0.33325195478719016
6305,2,2,0.29398476959961123,0.26736729937510856,0.4386479310252803
6306,2,0,0.37744309504197937,0.2596674852308463,0.36288941972717426
6307,1,2,0.28824188502557974,0.2675727195340985,0.4441853954403217
6308,2,2,0.2552340471419384,0.1975428894905731,0.5472230633674884
6309,2,2,0.24043011040751136,0.2673222073725827,0.49224768221990595
6310,2,2,0.32009737993699533,0.2658684438069614,0.41403417625604333
6311,1,2,0.2071715098974365,0.2647423392087772,0.5280861508937863
6312,2,2,0.0731680113406858,0.1408477906460232,0.7859841980132909
6313,1,2,0.19346666348158434,0.26298751629500217,0.5435458202234136
6314,2,0,0.585805642909783,0.210954521640136,0.20323983545008112
6315,2,2,0.1908832101997582,0.2626061811389317,0.5465106086613101
6316,2,2,0.31998681737205753,0.2658766601926985,0.4141365224352439
6317,2,2,0.25136127096352423,0.23691369703163237,0.5117250320048434
6318,0,0,0.6079048251707346,0.2037409800366071,0.18835419479265814
6319,1,2,0.22677792789849055,0.2665306116784695,0.5066914604230399
6320,2,2,0.3069012367676003,0.2667386944149081,0.42636006881749156
6321,2,2,0.06837907074185665,0.12300324492305734,0.808617684335086
6322,0,2,0.3175246264689084,0.266055640793762,0.41641973273732963
6323,1,2,0.2882994860562044,0.26757089158050185,0.4441296223632938
6324,0,0,0.5224010617020274,0.2295866067869441,0.24801233151102853
6325,0,2,0.27965794709427255,0.2677913596285992,0.45255069327712816
6326,2,2,0.29652343586766666,0.26726174793195656,0.4362148162003768
6327,2,2,0.10478571391652006,0.17148246300728975,0.7237318230761902
6328,1,2,0.1656560203775669,0.25794473745072666,0.5763992421717065
6329,0,2,0.21156392103009702,0.26521386226579385,0.5232222167041091
6330,2,0,0.5248159416679616,0.2289341187802947,0.24624993955174357
6331,2,2,0.09489644228296316,0.2011030073346478,0.7040005503823891
6332,0,0,0.5002326450791362,0.2353590506446955,0.26440830427616835
6333,2,0,0.5317272073432457,0.22704132172004218,0.24123147093671207
6334,2,2,0.35831705049583173,0.2621478149948274,0.37953513450934084
6335,1,2,0.36596659359509565,0.26120293745863243,0.3728304689462719
6336,1,2,0.27323797032747543,0.2678834449112645,0.4588785847612602
6337,2,0,0.427659888484364,0.2513868757694251,0.32095323574621093
6338,0,2,0.15988029259165976,0.21455560275850352,0.6255641046498368
6339,2,2,0.2577412721135638,0.2678414009571629,0.47441732692927335
6340,1,2,0.1694568120424646,0.18579203495210575,0.6447511530054297
6341,2,2,0.19336993487158238,0.26297353719617744,0.5436565279322402
6342,0,2,0.14678069765236007,0.16257330192317168,0.6906460004244683
6343,1,2,0.19141912208864528,0.2626866546389271,0.5458942232724276
6344,2,2,0.09408678537773275,0.19441922266975434,0.7114939919525128
6345,2,2,0.3462810892639604,0.2635031878549141,0.39021572288112544
6346,2,0,0.45398102073885144,0.2461004323402807,0.29991854692086783
6347,0,0,0.47323828783514277,0.24184719518817646,0.28491451697668085
6348,2,2,0.31633976984834666,0.2661390313604342,0.41752119879121913
6349,2,2,0.08241376731082907,0.15152627235507507,0.7660599603340957
6350,2,2,0.2790970121568401,0.26780187701753644,0.45310111082562343
6351,0,0,0.5296965237662865,0.22760136482232957,0.24270211141138393
6352,2,2,0.1992400716941706,0.2637806554894048,0.5369792728164247
6353,0,0,0.5312777845138734,0.2271655470796484,0.2415566684064782
6354,2,2,0.10161898485545837,0.18362577285800386,0.7147552422865378
6355,0,2,0.29535600794247024,0.26731139797764847,0.4373325940798813
6356,2,2,0.15923466784025597,0.256459538504729,0.584305793655015
6357,0,0,0.5453131725569578,0.22321156263042502,0.23147526481261724
6358,0,0,0.5257511752621418,0.228680185855437,0.24556863888242117
6359,0,2,0.3363644406061056,0.2644953645268936,0.39914019486700075
6360,1,2,0.2980417578801664,0.26719435991176,0.4347638822080736
6361,1,2,0.08420728495888795,0.1891887452453637,0.7266039697957483
6362,2,2,0.2349911991656563,0.267048983334733,0.4979598174996106
6363,2,2,0.0802122205245963,0.17038453410075055,0.7494032453746531
6364,0,0,0.38756354777272994,0.2581993521032753,0.3542371001239948
6365,0,0,0.38182910888045835,0.25904416057374985,0.3591267305457918
6366,1,2,0.3245287283906514,0.2320725898855684,0.4433986817237802
6367,2,2,0.3388993032182212,0.26425268359110016,0.3968480131906786
6368,2,2,0.06791721234415127,0.12136776189866698,0.8107150257571817
6369,2,2,0.12494009982732003,0.19143572190006436,0.6836241782726157
6370,2,2,0.3359036183680422,0.26453866602600745,0.3995577156059502
6371,1,0,0.49811777786193273,0.23588904096429894,0.26599318117376836
6372,2,2,0.187740733140869,0.2584014265479853,0.5538578403111457
6373,2,2,0.08672484719725568,0.1325930797849384,0.7806820730178059
6374,2,2,0.07723577504545208,0.1573841269975507,0.7653800979569972
6375,2,2,0.30275288157984664,0.2669652164472106,0.4302819019729427
6376,1,2,0.3087556110602833,0.2666300476554992,0.4246143412842175
6377,1,0,0.5540518246315819,0.22067255838770758,0.22527561698071052
6378,1,0,0.3817139091590412,0.259060786762459,0.35922530407849973
6379,2,2,0.24094139372318482,0.26734509981228666,0.4917135064645286
6380,0,2,0.21121364106817986,0.265177813613629,0.523608545318191
6381,1,2,0.08170765114736936,0.17723150066753296,0.7410608481850977
6382,2,0,0.5306152511598462,0.22734838952872358,0.24203635931143022
6383,1,0,0.4729715881793023,0.24190826442751465,0.28512014739318303
6384,0,0,0.47323941528669417,0.24184693689513684,0.284913647818169
6385,2,2,0.07483271191504667,0.14745272416144856,0.7777145639235047
6386,0,2,0.29989162602298197,0.2671079834420935,0.4330003905349244
6387,1,2,0.12641901689884974,0.22370277766608127,0.649878205435069
6388,0,0,0.546216335642682,0.22295188298614055,0.2308317813711775
6389,1,2,0.10037392912942002,0.16475630376952377,0.7348697671010561
6390,2,2,0.09979304828345735,0.14232783304267593,0.7578791186738667
6391,0,0,0.41717781482971994,0.25331637693355535,0.3295058082367247
6392,1,2,0.23819090844852697,0.2672163307010623,0.4945927608504106
6393,0,0,0.6213526846909878,0.1991719185381524,0.17947539677085975
6394,1,2,0.29952848454343256,0.267125308458022,0.4333462069985453
6395,1,2,0.1575747452471895,0.2560539095047217,0.5863713452480888
6396,0,0,0.5839370855895223,0.2115475817822727,0.20451533262820498
6397,2,0,0.5167365957061797,0.23109897890200828,0.252164425391812
6398,1,2,0.28215974475042654,0.2677387681665239,0.4501014870830494
6399,2,2,0.18243511219628042,0.2612401803952565,0.5563247074084631
6400,0,2,0.3601405094510069,0.26192838350886993,0.37793110704012317
6401,1,2,0.26446624066171165,0.26790669609305123,0.46762706324523723
6402,2,0,0.49757611903396715,0.23602419572610828,0.2663996852399245
6403,1,0,0.42615573257004385,0.2516700280976658,0.3221742393322904
6404,1,0,0.515961266776577,0.23130400099930207,0.25273473222412085
6405,2,2,0.0822217054373006,0.1796368089435401,0.7381414856191593
6406,2,2,0.07303349543851759,0.14032351387256492,0.7866429906889175
6407,2,2,0.12046168659303115,0.2442651553436652,0.6352731580633038
6408,0,0,0.3940067884306581,0.25721036120746216,0.3487828503618797
6409,2,2,0.26153439470768886,0.26788727309195837,0.4705783322003528
6410,0,0,0.5467619136073316,0.222794711207594,0.23044337518507443
6411,0,2,0.33846685296768636,0.2642946213090633,0.3972385257232504
6412,2,2,0.07767375240715477,0.15924706691879972,0.7630791806740455
6413,2,2,0.20987840978551786,0.2610454639600147,0.5290761262544674
6414,1,2,0.1905197154872571,0.26255118712115394,0.5469290973915889
6415,0,0,0.5865524615615056,0.21071675183111782,0.2027307866073764
6416,2,0,0.3842875379950954,0.25868609678012633,0.3570263652247784
6417,0,2,0.2596294124583737,0.2678671841205035,0.47250340342112285
6418,0,0,0.5817576138336111,0.2122359891242592,0.2060063970421296
6419,2,2,0.16397421183714742,0.20102411084526772,0.635001677317585
6420,2,2,0.15752333593148812,0.2560412008296364,0.5864354632388754
6421,0,0,0.39414212753484185,0.25718914134177584,0.34866873112338237
6422,2,2,0.07589734689045864,0.15179322480122545,0.7723094283083158
6423,2,2,0.23327961502932892,0.2669516035854008,0.4997687813852702
6424,1,2,0.3275714147344022,0.2652777039741825,0.4071508812914153
6425,1,2,0.31464007128080895,0.2662555283039868,0.4191044004152043
6426,2,2,0.06876120161163699,0.12436737053489283,0.8068714278534701
6427,0,0,0.49611542580580886,0.2363874744852525,0.26749709970893876
6428,2,2,0.17301559997446633,0.25949029443196986,0.5674941055935637
6429,1,2,0.371688378664243,0.25195814546697876,0.3763534758687784
6430,1,2,0.32987455295602885,0.2650818082173646,0.4050436388266065
6431,2,2,0.08615838018018922,0.1926567010676237,0.721184918752187
6432,0,2,0.11844962785951718,0.18870055832927166,0.6928498138112111
6433,0,0,0.6341294061191326,0.19470535861670119,0.17116523526416624
6434,1,0,0.4689240410543788,0.24282767540747793,0.28824828353814336
6435,1,2,0.22182101191887296,0.26615385211780684,0.5120251359633202
6436,2,2,0.19221671713127905,0.2628050915719485,0.5449781912967725
6437,1,2,0.09339396400179828,0.1625699096252665,0.7440361263729353
6438,2,2,0.20147659276360363,0.2640665369166789,0.5344568703197173
6439,0,0,0.4831913306159033,0.23952534461670122,0.2772833247673956
6440,2,2,0.0707043960249122,0.13146123833446732,0.7978343656406204
6441,2,2,0.16675195384683944,0.25818525574389156,0.575062790409269
6442,2,2,0.1922436156304867,0.26280905813241207,0.5449473262371013
6443,2,2,0.2661587870668115,0.2679116334871224,0.46592957944606606
6444,0,2,0.1645309730798619,0.16576780362221039,0.6697012232979276
6445,2,0,0.4383185158047083,0.2493211100861122,0.3123603741091795
6446,1,2,0.10029634758779107,0.1641056525530838,0.7355979998591252
6447,0,2,0.1918951790050116,0.24663513470777504,0.5614696862872134
6448,1,2,0.18902685797643265,0.26232182398403625,0.548651318039531
6449,1,0,0.5024785190661362,0.23479224910295643,0.26272923183090746
6450,0,2,0.22414697073082054,0.26633676463056405,0.5095162646386154
6451,2,2,0.2793835673620275,0.2677965627463207,0.45281986989165174
6452,1,2,0.2672872803262937,0.26791239724846294,0.46480032242524333
6453,2,2,0.07612774201399207,0.15274484659736753,0.7711274113886404
6454,1,2,0.3162556992799433,0.26614488034436073,0.41759942037569586
6455,0,0,0.5113411832245828,0.23251574797965424,0.25614306879576293
6456,0,2,0.33153288103914275,0.2649367700665554,0.4035303488943019
6457,2,2,0.0733237911568247,0.1414566816730129,0.7852195271701623
6458,0,2,0.2524065261993059,0.23758956003238618,0.5100039137683079
6459,1,2,0.2645577102563417,0.26790707975151,0.4675352099921483
6460,0,2,0.3084009694394461,0.26665117626297064,0.42494785429758314
6461,0,0,0.5416187203181781,0.2242672177445481,0.23411406193727377
6462,0,0,0.5301778700790503,0.22746890684134438,0.2423532230796053
6463,1,2,0.2603751162123361,0.26787575350947,0.471749130278194
6464,2,0,0.4100391293796784,0.2545713013944558,0.3353895692258657
6465,0,0,0.6082248071130892,0.20363383718932135,0.18814135569758958
6466,0,2,0.2347836083205203,0.2670374665156288,0.49817892516385087
6467,2,2,0.10452223508212191,0.20248058473453234,0.6929971801833458
6468,2,2,0.3096618281966663,0.26657530773312205,0.4237628640702116
6469,0,2,0.3315695928981002,0.2649335216397287,0.4034968854621711
6470,2,2,0.07633632589154898,0.15361021301136657,0.7700534610970844
6471,0,2,0.1179551538035129,0.19022123279556657,0.6918236134009205
6472,2,2,0.24391018769821296,0.26746870337621365,0.4886211089255734
6473,1,0,0.5951135434684882,0.20796105521672192,0.1969254013147898
6474,0,2,0.23174230749751848,0.26685940854070345,0.5013982839617781
6475,0,2,0.256237483738039,0.26781664627154383,0.47594586999041716
6476,2,2,0.18287328163103378,0.2083879502127821,0.608738768156184
6477,1,0,0.4698810141179816,0.24261155239185353,0.28750743349016483
6478,0,2,0.18248672770750543,0.26124909557425396,0.5562641767182406
6479,0,0,0.5582427362387027,0.21943403110366444,0.22232323265763285
6480,0,2,0.3208402564374018,0.26581283918768306,0.413346904374915
6481,1,0,0.5219579197125778,0.22970584046941733,0.24833623981800498
6482,1,2,0.33294350516234755,0.2648107853371571,0.40224570950049543
6483,0,0,0.43271828136816026,0.25041940228696097,0.31686231634487877
6484,0,2,0.22626371354910255,0.26649380399761785,0.5072424824532795
6485,2,2,0.2850135103183921,0.26766754304822993,0.44731894663337785
6486,1,2,0.24589282953056396,0.19246375325331977,0.5616434172161163
6487,2,2,0.21913217111920488,0.2659286928502655,0.5149391360305297
6488,2,2,0.1770699657503225,0.2602739001490081,0.5626561341006695
6489,0,2,0.16637014173308234,0.18113558624741213,0.6524942720195056
6490,0,2,0.26978796850703807,0.26790694499532236,0.4623050864976395
6491,0,2,0.30258576307492036,0.2669738593221743,0.43044037760290527
6492,2,2,0.07669712821919325,0.1551157706883214,0.7681871010924853
6493,1,2,0.2711558521540924,0.267899830325137,0.4609443175207706
6494,0,0,0.38900787702117334,0.25741970613025456,0.35357241684857205
6495,0,2,0.34645680017314207,0.26348458001387515,0.39005861981298284
6496,0,0,0.4475990624763435,0.2474389993938644,0.3049619381297921
6497,0,0,0.5335779330177431,0.22652809281119504,0.23989397417106176
6498,2,2,0.29889535383813637,0.26715508402042326,0.4339495621414403
6499,0,2,0.3196667032921081,0.2659003625400413,0.41443293416785065
6500,2,2,0.09716397009917034,0.19884800172680378,0.703988028174026
6501,1,2,0.2208874969310912,0.2660773585403581,0.5130351445285507
6502,1,0,0.4563467911094882,0.24559516273326754,0.2980580461572443
6503,1,0,0.37311705357903013,0.26026264067071647,0.36662030575025345
6504,2,2,0.16452628364812338,0.17237162273891277,0.6631020936129639
6505,0,2,0.1954912503394721,0.26327483460587386,0.541233915054654
6506,1,2,0.2219995314058606,0.2661682782609381,0.5118321903332013
6507,2,2,0.2721024077229141,0.2678932095930616,0.4600043826840243
6508,2,2,0.07587032448980179,0.13563582745920824,0.78849384805099
6509,2,2,0.3352486637164897,0.2645997753285878,0.4001515609549226
6510,0,0,0.5697624998085459,0.21596035378229783,0.2142771464091563
6511,0,2,0.0810514652143387,0.1655166825394448,0.7534318522462164
6512,2,2,0.28629312268931933,0.26763175682822743,0.4460751204824532
6513,0,2,0.27271208539826275,0.2256227515690994,0.5016651630326379
6514,1,2,0.35838517897440797,0.26213968238395485,0.3794751386416372
6515,0,0,0.6334933039941971,0.19493062407903625,0.17157607192676655
6516,2,2,0.19064375567927513,0.2625699908822619,0.546786253438463
6517,0,2,0.1499721559856867,0.2328270894940232,0.6172007545202901
6518,2,0,0.3848797852500025,0.2585989117602035,0.35652130298979406
6519,0,2,0.24632677843088752,0.2675577013246951,0.4861155202444174
6520,2,0,0.39802543418288316,0.25657252418450893,0.3454020416326078
6521,2,2,0.07311803139537786,0.14065283134855425,0.7862291372560678
6522,1,0,0.484204417291292,0.23928436484631554,0.27651121786239247
6523,2,2,0.2982707086605007,0.26718392334822866,0.43454536799127064
6524,1,2,0.19024372713152868,0.2625092096269365,0.5472470632415347
6525,2,2,0.25878158577493293,0.26785633329510655,0.47336208092996046
6526,1,2,0.2529584517198406,0.2677495425914445,0.4792920056887148
6527,1,2,0.16608677655028653,0.2178660816451326,0.6160471418045809
6528,2,0,0.4200760312402161,0.2403992129022501,0.33952475585753394
6529,2,2,0.2242096442529625,0.2663415426498193,0.5094488130972182
6530,0,0,0.4167023015290939,0.2534014703504029,0.3298962281205033
6531,1,2,0.3235946334064287,0.2656006494470307,0.41080471714654065
6532,0,2,0.3168495830904327,0.26610336951963914,0.4170470473899281
6533,0,0,0.5236523163148054,0.22924909987997566,0.24709858380521896
6534,1,0,0.38529709924412026,0.2585372635632334,0.3561656371926464
6535,2,2,0.3024257131116429,0.26698210137424766,0.4305921855141094
6536,2,2,0.24257720101040378,0.20923118312359762,0.5481916158659986
6537,2,2,0.1793944675856076,0.2607022612830372,0.5599032711313552
6538,2,2,0.16539709271396438,0.25788737038175946,0.5767155369042761
6539,0,2,0.23694803109499474,0.2671535859207885,0.4958983829842167
6540,1,0,0.5937450554633967,0.20840526077114846,0.1978496837654548
6541,0,0,0.5210301912508756,0.22995495531137566,0.24901485343774882
6542,2,2,0.25760508968583756,0.2678393138044706,0.4745555965096918
6543,2,2,0.08858624058260878,0.1567904584044886,0.7546233010129025
6544,2,2,0.24681389085235542,0.2675743919291192,0.4856117172185255
6545,0,0,0.4217633568754871,0.2524848878021249,0.325751755322388
6546,0,2,0.31157508258785427,0.2664562122738314,0.4219687051383142
6547,2,2,0.23978869397053726,0.2672928159547559,0.49291849007470684
6548,0,0,0.5041218607335152,0.23437492043144395,0.2615032188350408
6549,2,2,0.2305536527808345,0.2667850268126037,0.5026613204065619
6550,1,2,0.27751073399392445,0.24973093795846493,0.47275832804761064
6551,1,2,0.2786279006324707,0.2678103123867549,0.4535617869807745
6552,2,2,0.25867405024362106,0.2678548725228823,0.47347107723349663
6553,2,2,0.0967577019913348,0.15253428415569328,0.7507080138529719
6554,2,2,0.06870539540529262,0.12416753132260089,0.8071270732721065
6555,1,2,0.26698200752222956,0.2679123893918314,0.46510560308593907
6556,1,0,0.41089442076726523,0.2544235069093865,0.3346820723233484
6557,2,0,0.4379847078468501,0.24938736994507357,0.3126279222080765
6558,0,2,0.20678473687657686,0.26469877052838653,0.5285164925950366
6559,1,0,0.3891321061631626,0.2579624392559546,0.3529054545808828
6560,2,2,0.1852357962168038,0.26171365938663893,0.5530505443965572
6561,1,0,0.49656543468532494,0.23627574166561194,0.26715882364906324
6562,0,2,0.17455436075752764,0.2597932291684346,0.5656524100740378
6563,2,2,0.22655575406851902,0.2665147724004654,0.5069294735310156
6564,1,2,0.27999982085575276,0.2150155394368718,0.5049846397073755
6565,2,2,0.32113289331345224,0.2657907451261862,0.4130763615603614
6566,1,2,0.329532640626711,0.2651112978973887,0.4053560614759002
6567,2,2,0.07825405729264373,0.15682360881074142,0.7649223338966148
6568,1,2,0.08006385664389061,0.16971711538495768,0.7502190279711517
6569,2,2,0.19071863578071133,0.26258132349409297,0.5467000407251957
6570,0,2,0.23432911667427517,0.26701196928463383,0.49865891404109114
6571,2,2,0.06999344146439496,0.1188647352755617,0.8111418232600434
6572,0,0,0.572324040824489,0.2151741924533068,0.21250176672220425
6573,2,2,0.17797254076021904,0.2604420121919344,0.5615854470478466
6574,2,0,0.41858830450670825,0.25306271609258096,0.3283489794007108
6575,0,0,0.37007141429309365,0.26066981033767167,0.3692587753692346
6576,2,0,0.3799065811926447,0.259319836531567,0.3607735822757883
6577,0,2,0.35436018555393767,0.2626113318989814,0.383028482547081
6578,2,0,0.373194598212268,0.26025214559810894,0.366553256189623
6579,1,2,0.18876343478222252,0.2622807632548257,0.5489558019629518
6580,2,2,0.31053799249009506,0.26652136110486907,0.4229406464050358
6581,0,2,0.3259409225351773,0.26541246804867175,0.4086466094161511
6582,1,2,0.1627851165241216,0.183576757521386,0.6536381259544924
6583,0,2,0.35445372069358894,0.26260057592091957,0.38294570338549144
6584,0,0,0.6274331417917739,0.19706152946769684,0.17550532874052935
6585,1,0,0.4320571515760061,0.25054718044959867,0.31739566797439517
6586,0,2,0.27336608952493474,0.26788221889769553,0.4587516915773696
6587,1,2,0.07602872371884535,0.15233531944733533,0.7716359568338192
6588,2,2,0.30273454150804946,0.2669661667780304,0.4302992917139201
6589,2,2,0.24687978741636346,0.2675766178366737,0.4855435947469629
6590,2,0,0.4168002309511858,0.2533839632534728,0.3298158057953414
6591,1,2,0.20206470775242685,0.264139771389189,0.5337955208583841
6592,1,2,0.2735734830104514,0.2678801809773213,0.4585463360122272
6593,2,2,0.0758898744668109,0.15176243485468754,0.7723476906785016
6594,0,2,0.366673135563893,0.26111246080204703,0.37221440363406005
6595,0,2,0.17757355453658247,0.22258837958509187,0.5998380658783257
6596,0,0,0.4772215336873379,0.24092796265209032,0.28185050366057174
6597,2,2,0.1702927150346207,0.2589373398290112,0.570769945136368
6598,2,2,0.09754099604850591,0.16557476105831298,0.736884242893181
6599,0,2,0.34990486696058437,0.26311229549169185,0.3869828375477239
6600,2,2,0.07812423471869262,0.1386239707827248,0.7832517944985826
6601,2,0,0.37150864147897594,0.26047889374740946,0.36801246477361454
6602,0,0,0.5008622471591793,0.23520056818425591,0.2639371846565648
6603,1,2,0.1240745832368452,0.23187821390312638,0.6440472028600285
6604,2,2,0.24017032038436503,0.2673103933851409,0.492519286230494
6605,2,2,0.16272802824261742,0.23390096304658722,0.6033710087107953
6606,0,2,0.24191752470460065,0.2673874905539531,0.49069498474144624
6607,2,0,0.5693109773522094,0.21609841277393183,0.21459060987385878
6608,0,0,0.4691731986336205,0.24277148064839482,0.2880553207179847
6609,0,2,0.3242817851773682,0.26554624201584764,0.4101719728067842
6610,0,0,0.5949511997294716,0.2080138250131242,0.19703497525740427
6611,0,0,0.5396966048231407,0.22481225255861564,0.23549114261824358
6612,1,2,0.07063951820193744,0.13122007909741545,0.7981404027006472
6613,2,2,0.360831145191604,0.26184432025258647,0.37732453455580955
6614,0,2,0.13058263849355642,0.2263689081354371,0.6430484533710065
6615,2,2,0.07242447914404368,0.13166444791957535,0.7959110729363809
6616,2,2,0.21060546361490337,0.2651145890047323,0.5242799473803644
6617,2,2,0.34175559665800914,0.26397018398200106,0.3942742193599898
6618,2,2,0.14483748523864934,0.15783872951823538,0.6973237852431153
6619,0,2,0.2939988038907561,0.2673667405080642,0.4386344556011797
6620,1,2,0.18147984953750448,0.20592750476470348,0.6125926456977921
6621,0,2,0.10845675995074798,0.18906844793391167,0.7024747921153403
6622,2,2,0.20707076321338505,0.2647310226994945,0.5281982140871205
6623,2,0,0.5118514675275438,0.23238275049585777,0.25576578197659827
6624,2,2,0.1415691166793278,0.23638413285125356,0.6220467504694186
6625,0,0,0.4211248271063913,0.25260185155495407,0.3262733213386546
6626,2,2,0.23841192231915959,0.26722718975017395,0.4943608879306664
6627,2,0,0.5471742967303715,0.2226757578082283,0.23014994546140025
6628,2,2,0.07479681682257744,0.14730798805393888,0.7778951951234838
6629,0,2,0.26760920291137263,0.26791224622941534,0.4644785508592121
6630,1,2,0.09486655511120382,0.1486873492667089,0.7564460956220874
6631,2,2,0.3379547072545812,0.26434400292171806,0.39770128982370084
6632,1,2,0.14452192347992376,0.21369938298506952,0.6417786935350067
6633,1,2,0.2228068787368476,0.26623271326994646,0.510960407993206
6634,2,2,0.14486196235233748,0.23201723824196308,0.6231207994056994
6635,1,0,0.37161524414758823,0.2604646456243627,0.367920110228049
6636,0,0,0.3885285297625652,0.25805389723151134,0.3534175730059235
6637,0,0,0.4414622428663645,0.24214840624378725,0.3163893508898482
6638,0,2,0.250657255803211,0.2676915682744201,0.48165117592236895
6639,0,0,0.580424650754893,0.21265524792909085,0.20692010131601596
6640,2,2,0.07506228262296782,0.14838085837656284,0.7765568590004693
6641,0,2,0.2725836116095036,0.26788931381635633,0.4595270745741401
6642,2,0,0.47629540668128934,0.24114288203288503,0.2825617112858257
6643,1,2,0.34488917534893826,0.2636493394633367,0.39146148518772506
6644,1,0,0.41997098565823066,0.25281224198258917,0.3272167723591801
6645,1,0,0.39446699777747185,0.25713813032756644,0.34839487189496166
6646,2,2,0.07892616025153588,0.16466810984725783,0.7564057299012064
6647,1,2,0.25114379808764276,0.26770458071690134,0.4811516211954559
6648,2,0,0.4652358505820778,0.24365331092588974,0.2911108384920325
6649,2,2,0.16636397267771286,0.23590102005672944,0.5977350072655577
6650,2,2,0.1616691145258151,0.20765573170317037,0.6306751537710146
6651,0,2,0.2516031300934107,0.2677164930420707,0.48068037686451875
6652,2,2,0.0802104396262913,0.17037651019658148,0.7494130501771272
6653,1,0,0.5547386383248991,0.22047051086223785,0.22479085081286307
6654,0,0,0.5332577939290114,0.22661706320015984,0.24012514287082873
6655,0,2,0.21935079224279097,0.265947554487753,0.514701653269456
6656,2,2,0.2849782909539762,0.267668494449694,0.4473532145963298
6657,2,0,0.39348211526275895,0.257292452207031,0.34922543253021016
6658,0,0,0.4437750927106325,0.24822381400781884,0.3080010932815488
6659,2,0,0.45397560375225915,0.24610158366790366,0.29992281257983705
6660,0,0,0.5630851589362742,0.21798619568740252,0.2189286453763232
6661,2,0,0.5184859917614041,0.23063462321336983,0.250879385025226
6662,2,2,0.0663449287538439,0.11590690787473241,0.8177481633714238
6663,0,2,0.34900966412766743,0.26321025047229435,0.3877800854000382
6664,2,2,0.3102005103122329,0.2665422590934656,0.42325723059430137
6665,0,0,0.38839546361826094,0.25807401076174563,0.35353052561999343
6666,0,0,0.4651988036235762,0.2436615452201713,0.29113965115625245
6667,2,2,0.18377689909354136,0.2614696211564292,0.5547534797500295
6668,2,2,0.25505421555408364,0.2677945165087019,0.47715126793721446
6669,2,2,0.07617536491840622,0.15294210120152363,0.77088253388007
6670,1,2,0.2609044149773281,0.2678812846428503,0.47121430037982165
6671,1,2,0.24478258362823432,0.2675020256488987,0.487715390722867
6672,1,0,0.40750200898629063,0.2550055867097972,0.33749240430391203
6673,2,2,0.07754633935742862,0.15870338538959947,0.7637502752529718
6674,0,2,0.1863647780684882,0.26189866936220146,0.5517365525693104
6675,1,2,0.3243435136680429,0.2655413258329885,0.41011516049896857
6676,2,0,0.5566047855542812,0.2199196951359053,0.2234755193098136
6677,2,2,0.35663016165498945,0.26234754596110815,0.3810222923839024
6678,2,2,0.08212935811418906,0.13851672259317793,0.779353919292633
6679,2,2,0.19262926577793574,0.26286572977207134,0.544505004449993
6680,2,0,0.4577488392215578,0.24529341994652085,0.29695774083192145
6681,2,2,0.06747476410087026,0.11981448056216602,0.8127107553369638
6682,0,2,0.28895707733771153,0.2675496868760237,0.44349323578626487
6683,0,0,0.3934546200613041,0.257296746564023,0.34924863337467293
6684,2,2,0.12657013245141785,0.20216761601157832,0.6712622515370039
6685,2,2,0.22124917154150492,0.2661072054659465,0.5126436229925486
6686,0,0,0.6374585228329632,0.193521457061269,0.16902002010576778
6687,0,0,0.4131938071399826,0.2540227078756202,0.33278348498439725
6688,1,2,0.21571019485949322,0.26562049749492794,0.5186693076455788
6689,1,2,0.32856542497737806,0.2651939500594575,0.4062406249631645
6690,2,2,0.25139187071445,0.2677110590972126,0.4808970701883374
6691,0,2,0.2655222304970251,0.26791031194596154,0.46656745755701323
6692,1,2,0.30714107795059636,0.2667248977587931,0.42613402429061065
6693,2,2,0.19719034664808288,0.2635082665227265,0.5393013868291906
6694,2,2,0.32568958799584913,0.26543295097982117,0.40887746102432976
6695,2,2,0.07336853637597145,0.14163192161878346,0.784999542005245
6696,1,2,0.3120602566115995,0.26642525413008455,0.4215144892583159
6697,2,2,0.25318233889736474,0.26775470136958873,0.4790629597330465
6698,0,2,0.15651873705493946,0.18023358741862888,0.6632476755264316
6699,2,0,0.41184234351058036,0.2542588884160049,0.3338987680734147
6700,0,0,0.47233127883074155,0.24205463759117468,0.2856140835780838
6701,0,0,0.5837976788356293,0.21159172225582887,0.20461059890854177
6702,0,2,0.23223570224804527,0.2668894887928323,0.5008748089591224
6703,0,0,0.6009683521785171,0.2060447027614177,0.19298694506006536
6704,0,2,0.2310550684215956,0.26681673430499564,0.5021281972734087
6705,0,2,0.27814027323945834,0.2678187319671243,0.4540409947934174
6706,2,2,0.18952574606222475,0.20925968943144863,0.6012145645063266
6707,1,2,0.3672058535815566,0.2610438881831183,0.37175025823532504
6708,2,0,0.392391017862625,0.25746228613234257,0.35014669600503245
6709,2,2,0.2243231127403745,0.2308915965684174,0.5447852906912081
6710,2,0,0.5254291617138925,0.22876769630936727,0.24580314197674022
6711,2,2,0.06788675749719436,0.12126042479149735,0.8108528177113083
6712,1,2,0.23425741882308812,0.267007911496907,0.49873466968000485
6713,2,2,0.14125101607206433,0.18567611187447935,0.6730728720534563
