,Outcome,Prediction,ProbA,ProbD,ProbH
6120,0,2,0.33653525141433116,0.27010555730748054,0.39335919127818836
6121,0,2,0.3330236008931791,0.2698084026945393,0.39716799641228157
6122,1,0,0.49401848687967653,0.24004098049389136,0.2659405326264322
6123,1,0,0.49401848687967653,0.24004098049389136,0.2659405326264322
6124,2,2,0.17668513410855632,0.23607543237458684,0.5872394335168568
6125,0,2,0.29302173773757556,0.26491370147997595,0.44206456078244843
6126,1,2,0.05645481325564455,0.15473852539849856,0.7888066613458569
6127,0,0,0.37692178896682466,0.2720850492528798,0.3509931617802955
6128,2,2,0.14283360552854052,0.22095501023123368,0.6362113842402258
6129,2,0,0.49401848687967653,0.24004098049389136,0.2659405326264322
6130,0,2,0.15575473023386177,0.227218038735375,0.6170272310307632
6131,2,2,0.06708745054554284,0.16628214246616208,0.7666304069882951
6132,0,0,0.4110414611005737,0.27179831189137055,0.31716022700805574
6133,1,0,0.3902552275054434,0.27217978454827174,0.33756498794628487
6134,1,0,0.49401848687967653,0.24004098049389136,0.2659405326264322
6135,0,0,0.49401848687967653,0.24004098049389136,0.2659405326264322
6136,2,2,0.18152550559887082,0.23791848796386006,0.5805560064372691
6137,2,2,0.07017063433838529,0.16937107506340207,0.7604582905982126
6138,2,2,0.1798839469038156,0.2373015902255663,0.5828144628706181
6139,0,2,0.15641400747403933,0.22752044016922635,0.6160655523567343
6140,0,0,0.49401848687967653,0.24004098049389136,0.2659405326264322
6141,2,0,0.3970446580976729,0.2721253278634597,0.33083001403886736
6142,0,0,0.3816971521567571,0.2721499640553422,0.3461528837879006
6143,1,0,0.4515213630382762,0.262578694322949,0.28589994263877483
6144,1,2,0.18650458336740927,0.23973955162259697,0.5737558650099938
6145,1,2,0.15756951486178877,0.2280465987792359,0.6143838863589755
6146,0,0,0.49401848687967653,0.24004098049389136,0.2659405326264322
6147,2,2,0.3417204184337926,0.2705067953930721,0.3877727861731353
6148,1,2,0.31507779171485545,0.26796233170147943,0.41695987658366507
6149,1,2,0.18552531235837366,0.23938726580388558,0.5750874218377409
6150,0,0,0.49401848687967653,0.24004098049389136,0.2659405326264322
6151,0,2,0.1965894094624361,0.24320543320865579,0.5602051573289081
6152,1,2,0.17305518050494006,0.2346447590678388,0.5923000604272212
6153,0,2,0.28094914252937386,0.2628622699260271,0.456188587544599
6154,1,2,0.23091037347162313,0.25297487719928374,0.5161147493290932
6155,0,2,0.2508086614156393,0.257360399912331,0.49183093867202965
6156,2,2,0.29987453248637375,0.26595584853641974,0.43416961897720646
6157,2,0,0.49401848687967653,0.24004098049389136,0.2659405326264322
6158,0,0,0.49401848687967653,0.24004098049389136,0.2659405326264322
6159,2,2,0.306774678393531,0.2669180272122608,0.42630729439420817
6160,0,0,0.49401848687967653,0.24004098049389136,0.2659405326264322
6161,0,0,0.49401848687967653,0.24004098049389136,0.2659405326264322
6162,2,2,0.07719699656051397,0.17603518416532854,0.7467678192741574
6163,2,2,0.08228570759432831,0.18056540700430543,0.7371488854013662
6164,2,2,0.3347360052167085,0.2699558839897657,0.3953081107935259
6165,2,2,0.08968296507572054,0.18675475845303857,0.7235622764712408
6166,2,2,0.218694133960181,0.24983516079267654,0.5314707052471425
6167,2,2,0.18238049716328003,0.23823652163191544,0.5793829812048046
6168,2,2,0.13584846828724398,0.21728633060417948,0.6468652011085766
6169,2,2,0.24206018886608552,0.25553940861597285,0.5024004025179416
6170,0,2,0.23843348826436409,0.25473578383346485,0.5068307279021711
6171,0,0,0.49401848687967653,0.24004098049389136,0.2659405326264322
6172,2,0,0.49401848687967653,0.24004098049389136,0.2659405326264322
6173,2,2,0.22081537471291846,0.25040597396780356,0.5287786513192779
6174,2,2,0.307494274797897,0.2670134043440353,0.42549232085806776
6175,2,2,0.16464286161347524,0.23116286966658578,0.604194268719939
6176,1,2,0.3545208423361642,0.2713088311018341,0.3741703265620017
6177,1,0,0.49401848687967653,0.24004098049389136,0.2659405326264322
6178,0,0,0.4623618334264503,0.25486282164513385,0.28277534492841594
6179,1,2,0.22042507212024112,0.2503017690224423,0.5292731588573166
6180,2,2,0.06733843437729639,0.16653760173984825,0.7661239638828554
6181,2,2,0.04500120871321918,0.14040569091477179,0.8145931003720089
6182,0,2,0.1977305601277848,0.2435794783828917,0.5586899614893235
6183,2,2,0.34155357080340165,0.270494576607697,0.3879518525889014
6184,0,0,0.3936313524849868,0.2721612879530716,0.33420735956194164
6185,2,2,0.06302757818939175,0.1620461226606753,0.7749262991499329
6186,1,2,0.1898684546934926,0.24092815835356568,0.5692033869529417
6187,0,0,0.49401848687967653,0.24004098049389136,0.2659405326264322
6188,2,2,0.20461244889642288,0.2457598659365359,0.5496276851670412
6189,0,0,0.49401848687967653,0.24004098049389136,0.2659405326264322
6190,2,2,0.18612385336639287,0.23960292511836787,0.5742732215152392
6191,2,2,0.07523118483370193,0.17422057786078338,0.7505482373055147
6192,2,2,0.13009888058281033,0.21410552392296275,0.655795595494227
6193,2,2,0.2574541279615981,0.2586356485834405,0.48391022345496143
6194,2,0,0.49401848687967653,0.24004098049389136,0.2659405326264322
6195,2,2,0.2450340402135205,0.2561768752028895,0.4987890845835899
6196,2,2,0.2552067196333283,0.258214615628693,0.48657866473797867
6197,0,0,0.49401848687967653,0.24004098049389136,0.2659405326264322
6198,2,0,0.49401848687967653,0.24004098049389136,0.2659405326264322
6199,2,2,0.06301214678140785,0.16202963707703164,0.7749582161415605
6200,1,0,0.4740437415618408,0.24666819944834414,0.27928805898981496
6201,0,2,0.21877744447772374,0.2498577866110561,0.5313647689112202
6202,0,0,0.49401848687967653,0.24004098049389136,0.2659405326264322
6203,0,0,0.49401848687967653,0.24004098049389136,0.2659405326264322
6204,2,0,0.49401848687967653,0.24004098049389136,0.2659405326264322
6205,0,0,0.42056471742827806,0.27141292408211554,0.30802235848960635
6206,2,2,0.35970123450924907,0.27155843893358267,0.3687403265571682
6207,2,2,0.25712238334898313,0.25857415154206315,0.4843034651089538
6208,2,2,0.12202472408147533,0.20937581787558718,0.6685994580429375
6209,1,2,0.13361175460957456,0.2160667242285809,0.6503215211618445
6210,2,0,0.49401848687967653,0.24004098049389136,0.2659405326264322
6211,2,2,0.16848712649035494,0.23278343602763718,0.5987294374820079
6212,2,2,0.3638555065859945,0.271727869893802,0.36441662352020343
6213,0,2,0.2132304900172929,0.24831379042614266,0.5384557195565645
6214,2,2,0.2145171303115239,0.24867876589450402,0.5368041037939721
6215,1,2,0.30021331217007563,0.26600511639200236,0.43378157143792195
6216,0,2,0.10809877272947702,0.20042112064379244,0.6914801066267305
6217,0,0,0.49401848687967653,0.24004098049389136,0.2659405326264322
6218,2,2,0.12326365145853808,0.21012238120843815,0.6666139673330239
6219,0,0,0.49401848687967653,0.24004098049389136,0.2659405326264322
6220,2,0,0.49401848687967653,0.24004098049389136,0.2659405326264322
6221,1,0,0.49401848687967653,0.24004098049389136,0.2659405326264322
6222,2,2,0.10838370555211051,0.2006153133837805,0.691000981064109
6223,2,0,0.41750036942000407,0.2715511893636103,0.31094844121638565
6224,2,2,0.24795557842589389,0.256784535021924,0.49525988655218217
6225,2,2,0.16228511925259642,0.23014379871849105,0.6075710820289125
6226,0,0,0.49401848687967653,0.24004098049389136,0.2659405326264322
6227,1,0,0.38351425754214674,0.2721655474954724,0.34432019496238087
6228,0,2,0.21175320439122453,0.2478895765579575,0.540357219050818
6229,2,2,0.14442363032471645,0.2217614379914058,0.6338149316838778
6230,2,0,0.4034828905314765,0.27201058683262885,0.3245065226358946
6231,2,2,0.23224903285224538,0.25329762320321947,0.5144533439445351
6232,2,2,0.07649888527805984,0.17539503213857705,0.7481060825833631
6233,2,0,0.49401848687967653,0.24004098049389136,0.2659405326264322
6234,2,0,0.49401848687967653,0.24004098049389136,0.2659405326264322
6235,2,2,0.06189483716248395,0.160827957761079,0.777277205076437
6236,2,2,0.19516997173401468,0.24273511703763065,0.5620949112283548
6237,0,2,0.3062891799074384,0.2668531514042095,0.426857668688352
6238,2,2,0.06230577325524796,0.1612717788040624,0.7764224479406896
6239,2,2,0.2661496999667893,0.26016818993276686,0.4736821101004439
6240,1,2,0.312724332871654,0.2676787704872266,0.4195968966411193
6241,1,0,0.4384897759915394,0.2703362731050641,0.2911739509033965
6242,2,2,0.08465399905506446,0.18259595599018277,0.7327500449547528
6243,1,0,0.49401848687967653,0.24004098049389136,0.2659405326264322
6244,2,0,0.49401848687967653,0.24004098049389136,0.2659405326264322
6245,2,2,0.2092947283518423,0.24717126374631704,0.5435340079018407
6246,2,0,0.3753103506293858,0.27205527224467335,0.3526343771259409
6247,2,2,0.1573516405618127,0.22794776414443002,0.6147005952937573
6248,2,0,0.394308453187636,0.2721555313762636,0.33353601543610045
6249,2,2,0.25313892498528895,0.2578180188934209,0.48904305612129023
6250,0,0,0.49401848687967653,0.24004098049389136,0.2659405326264322
6251,0,2,0.10629710420355301,0.19918191388703863,0.6945209819094084
6252,2,2,0.17323938197956412,0.2347183791433773,0.5920422388770586
6253,2,2,0.11257541399426614,0.2034171576147234,0.6840074283910104
6254,1,0,0.49401848687967653,0.24004098049389136,0.2659405326264322
6255,0,2,0.06065641825752986,0.1594771484662443,0.7798664332762257
6256,1,2,0.1970657505962773,0.2433620064987897,0.559572242904933
6257,2,2,0.049286858659652356,0.14603691058033194,0.8046762307600158
6258,2,2,0.35296391504293817,0.2712254372988083,0.37581064765825345
6259,0,0,0.49401848687967653,0.24004098049389136,0.2659405326264322
6260,1,0,0.3727693031856092,0.2720002036098413,0.3552304932045495
6261,0,2,0.29556242885114775,0.2653102564687918,0.4391273146800604
6262,0,0,0.49401848687967653,0.24004098049389136,0.2659405326264322
6263,1,0,0.49401848687967653,0.24004098049389136,0.2659405326264322
6264,0,2,0.29097779876503527,0.2645858969406902,0.4444363042942746
6265,1,2,0.3221426097350397,0.2687552554918809,0.4091021347730794
6266,2,2,0.20667744658538065,0.24638939869005014,0.5469331547245693
6267,0,2,0.2830179682432065,0.2632336826966329,0.45374834906016065
6268,0,0,0.49401848687967653,0.24004098049389136,0.2659405326264322
6269,2,2,0.16133524290071827,0.2297277364531102,0.6089370206461715
6270,2,2,0.3352070074052013,0.26999558770402055,0.3947974048907781
6271,2,0,0.49401848687967653,0.24004098049389136,0.2659405326264322
6272,0,2,0.2887054854548513,0.2642122071643203,0.44708230738082844
6273,2,0,0.49401848687967653,0.24004098049389136,0.2659405326264322
6274,1,2,0.29587836608402,0.26535872673729816,0.43876290717868194
6275,2,2,0.056776827192386733,0.1551105634402858,0.7881126093673275
6276,2,0,0.49401848687967653,0.24004098049389136,0.2659405326264322
6277,1,2,0.24725116143892298,0.2566396941133952,0.4961091444476819
6278,2,2,0.06527331633867949,0.16441380778828774,0.7703128758730328
6279,2,2,0.2642857549377594,0.259852436178672,0.4758618088835686
6280,0,0,0.3695870302968867,0.271917169928021,0.3584957997750923
6281,2,2,0.1992044623025594,0.24405727597335797,0.5567382617240826
6282,1,0,0.4075249905253221,0.27190743635670156,0.32056757311797623
6283,0,0,0.48265321971375275,0.24207683057076815,0.27526994971547925
6284,2,2,0.15791610365834996,0.22820346552601242,0.6138804308156376
6285,1,0,0.49401848687967653,0.24004098049389136,0.2659405326264322
6286,0,2,0.18336633046966205,0.23860046454679712,0.5780332049835408
6287,1,0,0.49401848687967653,0.24004098049389136,0.2659405326264322
6288,2,2,0.02654323707293857,0.1105992192556075,0.8628575436714538
6289,2,2,0.33343016153826066,0.26984386321228243,0.39672597524945696
6290,2,2,0.1711144579445414,0.23386238726070047,0.5950231547947582
6291,2,2,0.21299172903936686,0.24824560304358315,0.5387626679170501
6292,0,0,0.4315546683647176,0.27080677489370963,0.29763855674157275
6293,0,0,0.4307764872181054,0.27085533773602605,0.2983681750458686
6294,0,0,0.49401848687967653,0.24004098049389136,0.2659405326264322
6295,1,0,0.49401848687967653,0.24004098049389136,0.2659405326264322
6296,1,2,0.21976824065530845,0.25012556841827416,0.5301061909264173
6297,2,0,0.49401848687967653,0.24004098049389136,0.2659405326264322
6298,1,2,0.2741286491629719,0.26157837367700615,0.46429297716002205
6299,1,2,0.036248785849699136,0.1276758455670567,0.8360753685832443
6300,2,2,0.09035915551359572,0.18729874906396665,0.7223420954224377
6301,1,0,0.4073815959752215,0.271911504146935,0.3207068998778435
6302,2,2,0.1388856261546616,0.218907129028143,0.6422072448171955
6303,2,0,0.4237742240848566,0.27125368568162894,0.3049720902335144
6304,2,2,0.35279870260603324,0.27121635972267455,0.3759849376712922
6305,2,2,0.3218241435745134,0.2687213794645577,0.40945447696092885
6306,2,0,0.45333689967781926,0.2612788703477842,0.28538422997439655
6307,1,0,0.3896987162553759,0.2721811970398583,0.3381200867047658
6308,2,2,0.18147357154564933,0.23789909795954733,0.5806273304948033
6309,2,2,0.19350123776550035,0.24217497081527511,0.5643237914192245
6310,2,2,0.3214552547692501,0.2686819207212823,0.4098628245094676
6311,1,2,0.28146313315655686,0.26295532266634897,0.45558154417709423
6312,2,2,0.06614162225628113,0.16531288668473546,0.7685454910589834
6313,1,0,0.49401848687967653,0.24004098049389136,0.2659405326264322
6314,2,2,0.2025310644294155,0.24511389788958146,0.5523550376810031
6315,2,0,0.49401848687967653,0.24004098049389136,0.2659405326264322
6316,2,2,0.32944039376896017,0.26948382845724045,0.40107577777379944
6317,2,0,0.49401848687967653,0.24004098049389136,0.2659405326264322
6318,0,0,0.49401848687967653,0.24004098049389136,0.2659405326264322
6319,1,0,0.40520747514400707,0.2719695006184407,0.3228230242375523
6320,2,2,0.24569455324320577,0.2563158608146207,0.49798958594217363
6321,2,2,0.02826507613994516,0.11394458861555495,0.8577903352445
6322,0,0,0.49401848687967653,0.24004098049389136,0.2659405326264322
6323,1,0,0.38190392832339703,0.2721519900622556,0.3459440816143474
6324,0,0,0.49401848687967653,0.24004098049389136,0.2659405326264322
6325,0,0,0.45622824160405334,0.2592151580371818,0.28455660035876484
6326,2,2,0.3208061525734724,0.26861191679736596,0.41058193062916165
6327,2,2,0.09878781905720692,0.19379792068995777,0.7074142602528354
6328,1,2,0.30579434716148357,0.26678659095388535,0.42741906188463114
6329,0,2,0.23955610067251482,0.2549876429459128,0.5054562563815724
6330,2,2,0.12495196880880638,0.21112737114414512,0.6639206600470486
6331,2,2,0.16052083471812376,0.22936846771410357,0.6101106975677727
6332,0,0,0.49401848687967653,0.24004098049389136,0.2659405326264322
6333,2,0,0.49401848687967653,0.24004098049389136,0.2659405326264322
6334,2,2,0.3260163447835539,0.269153334139462,0.40483032107698397
6335,1,2,0.3194473446386464,0.2684630074386029,0.4120896479227507
6336,1,2,0.2541972037940234,0.2580221016766603,0.48778069452931627
6337,2,0,0.4332158036649645,0.2707002482817655,0.29608394805327015
6338,0,0,0.49401848687967653,0.24004098049389136,0.2659405326264322
6339,2,0,0.49401848687967653,0.24004098049389136,0.2659405326264322
6340,1,2,0.13130114494469822,0.21478312148729087,0.6539157335680109
6341,2,0,0.49401848687967653,0.24004098049389136,0.2659405326264322
6342,0,2,0.10006248720306808,0.19473761134799858,0.7051999014489334
6343,1,2,0.33266412959240943,0.26977681795754804,0.3975590524500426
6344,2,2,0.18841088844585224,0.24041720263037297,0.5711719089237749
6345,2,2,0.31716673407232165,0.26820585582483353,0.4146274101028448
6346,2,2,0.1254512710637233,0.2114218854416211,0.6631268434946557
6347,0,0,0.49401848687967653,0.24004098049389136,0.2659405326264322
6348,2,2,0.09592484341152627,0.1916470567176295,0.7124280998708441
6349,2,2,0.1277083133121179,0.21273805966514123,0.6595536270227409
6350,2,2,0.1269623820403964,0.21230580154796455,0.660731816411639
6351,0,0,0.49401848687967653,0.24004098049389136,0.2659405326264322
6352,2,2,0.3432364734747975,0.27061572251308713,0.38614780401211524
6353,0,0,0.49401848687967653,0.24004098049389136,0.2659405326264322
6354,2,2,0.27977922990732573,0.2626485472774176,0.4575722228152566
6355,0,2,0.28573885090438816,0.2637095488071061,0.45055160028850577
6356,2,2,0.22706549120364689,0.2520248150435851,0.5209096937527681
6357,0,0,0.49401848687967653,0.24004098049389136,0.2659405326264322
6358,0,0,0.49401848687967653,0.24004098049389136,0.2659405326264322
6359,0,0,0.49401848687967653,0.24004098049389136,0.2659405326264322
6360,1,0,0.4540420972488416,0.26077481575566325,0.285183086995495
6361,1,2,0.13048067166108318,0.21432142942954252,0.6551978989093743
6362,2,2,0.2174245227668141,0.24948824312921647,0.5330872341039694
6363,2,2,0.15911571434529,0.22874304431862277,0.6121412413360873
6364,0,0,0.4836767205210184,0.24189897721466605,0.2744243022643154
6365,0,0,0.49401848687967653,0.24004098049389136,0.2659405326264322
6366,1,2,0.1781363853110588,0.23663568983575836,0.5852279248531829
6367,2,2,0.2653468325781927,0.26003302790431365,0.4746201395174938
6368,2,2,0.09467926865314882,0.19069345773406676,0.7146272736127844
6369,2,0,0.3660868798590844,0.27180767004016126,0.36210545010075446
6370,2,0,0.3658639859534448,0.2718000493779372,0.3623359646686179
6371,1,0,0.49401848687967653,0.24004098049389136,0.2659405326264322
6372,2,2,0.27634017772606406,0.2620047396292082,0.46165508264472777
6373,2,2,0.17648278346875856,0.23599678689466325,0.5875204296365781
6374,2,2,0.13198947849775058,0.21516805938245176,0.6528424621197977
6375,2,2,0.18118125098974658,0.23778980355571303,0.5810289454545404
6376,1,2,0.35440590711038666,0.2713028076502232,0.3742912852393901
6377,1,0,0.49401848687967653,0.24004098049389136,0.2659405326264322
6378,1,2,0.2912114179031901,0.26462376270914,0.4441648193876698
6379,2,2,0.24131457043877455,0.2553765561291287,0.5033088734320968
6380,0,2,0.31175296081202203,0.26755887672629697,0.420688162461681
6381,1,2,0.3489017125875078,0.2709894873214858,0.38010880009100645
6382,2,0,0.49401848687967653,0.24004098049389136,0.2659405326264322
6383,1,0,0.49401848687967653,0.24004098049389136,0.2659405326264322
6384,0,0,0.4523875516251702,0.26195816768975255,0.28565428068507737
6385,2,2,0.12775579692495126,0.21276548548330995,0.6594787175917388
6386,0,2,0.2159985824033763,0.2490938611171413,0.5349075564794824
6387,1,2,0.1472668982984647,0.22317787730185665,0.6295552243996787
6388,0,2,0.27748894036333077,0.26222238535949866,0.4602886742771705
6389,1,2,0.1483261141211853,0.2236972870019795,0.6279765988768351
6390,2,2,0.16274747366294706,0.23034516857232684,0.6069073577647262
6391,0,0,0.49401848687967653,0.24004098049389136,0.2659405326264322
6392,1,2,0.3305241997116637,0.2695842893864261,0.39989151090191016
6393,0,0,0.49401848687967653,0.24004098049389136,0.2659405326264322
6394,1,2,0.25547653463178055,0.25826571230283807,0.4862577530653813
6395,1,0,0.41935289811723897,0.27146921324822604,0.3091778886345349
6396,0,0,0.49401848687967653,0.24004098049389136,0.2659405326264322
6397,2,2,0.2512722477309485,0.2574523463426947,0.4912754059263567
6398,1,0,0.4458814134960599,0.26663628443122495,0.2874823020727151
6399,2,2,0.3133837430966231,0.2677592072362316,0.4188570496671454
6400,0,0,0.42502925227998334,0.2711874173198431,0.3037833304001736
6401,1,2,0.3314757646098937,0.26967085490232756,0.3988533804877787
6402,2,0,0.43675419938123533,0.2704603682064367,0.292785432412328
6403,1,0,0.49401848687967653,0.24004098049389136,0.2659405326264322
6404,1,0,0.49401848687967653,0.24004098049389136,0.2659405326264322
6405,2,2,0.2772066139257084,0.26216913717046275,0.4606242489038288
6406,2,2,0.10274618959166897,0.19668104457749266,0.7005727658308383
6407,2,2,0.24400788556100492,0.25595908181255134,0.5000330326264437
6408,0,2,0.3538804962635857,0.2712750027798665,0.3748445009565478
6409,2,2,0.3396547553488854,0.27035228545739687,0.3899929591937178
6410,0,0,0.49401848687967653,0.24004098049389136,0.2659405326264322
6411,0,0,0.40207242937645965,0.2720409462800712,0.32588662434346904
6412,2,2,0.1255717721758239,0.21149278004224942,0.6629354477819266
6413,2,2,0.12038350039035793,0.20837480748193435,0.6712416921277077
6414,1,2,0.3265950766737378,0.269210597385057,0.4041943259412051
6415,0,0,0.49401848687967653,0.24004098049389136,0.2659405326264322
6416,2,0,0.399571111467132,0.2720875892915497,0.3283412992413184
6417,0,0,0.46051391891059723,0.25617044593233435,0.28331563515706837
6418,0,0,0.49401848687967653,0.24004098049389136,0.2659405326264322
6419,2,2,0.18042369526476473,0.2375053433247997,0.5820709614104356
6420,2,2,0.24324471414573412,0.25579562437893605,0.5009596614753298
6421,0,0,0.49401848687967653,0.24004098049389136,0.2659405326264322
6422,2,2,0.1777604377328587,0.2364911904909034,0.5857483717762378
6423,2,2,0.2392847292679815,0.25492701671205065,0.5057882540199679
6424,1,0,0.3705755684254679,0.2719446434872966,0.35747978808723546
6425,1,0,0.4731674107811425,0.24727866418625152,0.2795539250326059
6426,2,2,0.1301383603029729,0.21412788149249884,0.6557337582045282
6427,0,0,0.49401848687967653,0.24004098049389136,0.2659405326264322
6428,2,2,0.2599833560942482,0.259097122803021,0.48091952110273073
6429,1,0,0.49401848687967653,0.24004098049389136,0.2659405326264322
6430,1,0,0.49401848687967653,0.24004098049389136,0.2659405326264322
6431,2,2,0.164038584991033,0.23090353056663518,0.6050578844423319
6432,0,2,0.2547491190062649,0.2581276128783393,0.4871232681153958
6433,0,0,0.49401848687967653,0.24004098049389136,0.2659405326264322
6434,1,0,0.49401848687967653,0.24004098049389136,0.2659405326264322
6435,1,2,0.3234599238469687,0.2688935223387569,0.4076465538142744
6436,2,2,0.1981350643386837,0.24371120209130753,0.5581537335700087
6437,1,2,0.19754253912207315,0.2435180970723671,0.5589393638055598
6438,2,2,0.3094027109014443,0.2672618522913365,0.42333543680721936
6439,0,0,0.49401848687967653,0.24004098049389136,0.2659405326264322
6440,2,2,0.14164738007522376,0.22034657802838198,0.6380060418963943
6441,2,2,0.32977960365673975,0.26951548460545005,0.4007049117378102
6442,2,0,0.4625444325314268,0.2547337801504667,0.2827217873181066
6443,2,0,0.43942115442130913,0.27026793676506,0.2903109088136309
6444,0,2,0.1377420978413868,0.21830158302149663,0.6439563191371165
6445,2,0,0.49401848687967653,0.24004098049389136,0.2659405326264322
6446,1,2,0.16721879873981704,0.23225431780575131,0.6005268834544316
6447,0,2,0.17381208805163537,0.23494657154591445,0.5912413404024502
6448,1,2,0.1927386129763429,0.24191635808446,0.565345028939197
6449,1,0,0.49401848687967653,0.24004098049389136,0.2659405326264322
6450,0,2,0.23178266227681713,0.25318565030507933,0.5150316874181036
6451,2,2,0.2098689920643771,0.24734043981129,0.5427905681243329
6452,1,2,0.25167859783550073,0.25753256942421465,0.4907888327402847
6453,2,2,0.10390825974023413,0.19750817761758044,0.6985835626421855
6454,1,2,0.29492829617745214,0.26521240870160345,0.43985929512094446
6455,0,0,0.49401848687967653,0.24004098049389136,0.2659405326264322
6456,0,2,0.23932751890657206,0.25493658704321237,0.5057358940502155
6457,2,2,0.1885780584150898,0.2404761191473836,0.5709458224375267
6458,0,0,0.49401848687967653,0.24004098049389136,0.2659405326264322
6459,1,0,0.4116144993237108,0.27177882641360174,0.31660667426268735
6460,0,2,0.3511776032302122,0.2711249596038976,0.37769743716589027
6461,0,0,0.41228643398600257,0.27175537160895746,0.3159581944050399
6462,0,0,0.49401848687967653,0.24004098049389136,0.2659405326264322
6463,1,2,0.19757922906850703,0.24353008253595027,0.5588906883955427
6464,2,0,0.4180689497641803,0.27152655364977873,0.31040449658604097
6465,0,0,0.49401848687967653,0.24004098049389136,0.2659405326264322
6466,0,2,0.3076729479814994,0.2670369418710203,0.42529011014748036
6467,2,2,0.18108404796383137,0.23775340270992645,0.5811625493262422
6468,2,2,0.2962815384598734,0.265420310901671,0.43829815063845556
6469,0,0,0.37173769166447845,0.2719750037995157,0.35628730453600577
6470,2,2,0.142717332021882,0.22089563018310523,0.6363870377950128
6471,0,2,0.30880042017090137,0.267184148290052,0.42401543153904664
6472,2,2,0.21608549176930858,0.24911804264530735,0.5347964655853841
6473,1,0,0.49401848687967653,0.24004098049389136,0.2659405326264322
6474,0,0,0.4383975535296584,0.27034297341250046,0.29125947305784106
6475,0,2,0.27609469487300764,0.2619578916416519,0.4619474134853404
6476,2,2,0.20632557560932674,0.2462829209641063,0.547391503426567
6477,1,0,0.4234302419379001,0.2712714564782498,0.30529830158385013
6478,0,0,0.41391993249745923,0.27169562552012105,0.3143844419824198
6479,0,2,0.33239313958229766,0.2697528638960615,0.39785399652164083
6480,0,0,0.37720359405030307,0.27208984744015025,0.35070655850954663
6481,1,0,0.49401848687967653,0.24004098049389136,0.2659405326264322
6482,1,2,0.25382717931637955,0.257951009320733,0.4882218113628875
6483,0,0,0.49401848687967653,0.24004098049389136,0.2659405326264322
6484,0,2,0.252056512274167,0.2576068679023469,0.49033661982348603
6485,2,0,0.4349392140739674,0.27058561408042964,0.2944751718456028
6486,1,2,0.24169553055016513,0.25545991486529124,0.5028445545845437
6487,2,2,0.2803496112336608,0.2627530800365622,0.456897308729777
6488,2,2,0.28385032830249685,0.2633807735887223,0.4527688981087809
6489,0,2,0.2765119915847275,0.26203745761366315,0.4614505508016094
6490,0,0,0.48416346902178614,0.24181401282977955,0.27402251814843437
6491,0,2,0.36007990925675726,0.27157501198621414,0.36834507875702854
6492,2,2,0.13584028079566715,0.2172819067943882,0.6468778124099446
6493,1,2,0.2327857123489322,0.25342586026755315,0.5137884273835146
6494,0,0,0.49401848687967653,0.24004098049389136,0.2659405326264322
6495,0,2,0.2804896152389984,0.2627786411187351,0.4567317436422665
6496,0,0,0.4197524485685422,0.27145088676414075,0.3087966646673169
6497,0,0,0.49401848687967653,0.24004098049389136,0.2659405326264322
6498,2,2,0.2418006789047939,0.2554828665784496,0.5027164545167565
6499,0,2,0.33943225681001354,0.27033522218457934,0.39023252100540706
6500,2,2,0.12967206197311995,0.2138633489794294,0.6564645890474506
6501,1,0,0.49401848687967653,0.24004098049389136,0.2659405326264322
6502,1,2,0.2961764782336461,0.26540429215490935,0.4384192296114444
6503,1,0,0.47638926991241676,0.24503764289201402,0.2785730871955691
6504,2,2,0.23303047577726999,0.2534841267033781,0.5134853975193518
6505,0,2,0.21845773880510003,0.2497708668796279,0.5317713943152721
6506,1,0,0.49401848687967653,0.24004098049389136,0.2659405326264322
6507,2,2,0.2571149502256344,0.2585727710477201,0.48431227872664545
6508,2,2,0.11725753238160715,0.20642946295117118,0.6763130046672218
6509,2,2,0.3545027424016949,0.2713078839352979,0.3741893736630072
6510,0,0,0.49401848687967653,0.24004098049389136,0.2659405326264322
6511,0,2,0.31851557706167505,0.2683590414243754,0.4131253815139496
6512,2,2,0.21834643659002878,0.24974054778085383,0.5319130156291173
6513,0,2,0.29915228466542093,0.2658501097536254,0.4349976055809537
6514,1,0,0.41042628930649233,0.2718186996877626,0.317755011005745
6515,0,0,0.49401848687967653,0.24004098049389136,0.2659405326264322
6516,2,2,0.2267753225252338,0.2519517132677776,0.5212729642069885
6517,0,2,0.19408370132997768,0.2423713791885998,0.5635449194814225
6518,2,0,0.49401848687967653,0.24004098049389136,0.2659405326264322
6519,0,0,0.42823751068969007,0.2710078225880099,0.3007546667223001
6520,2,0,0.49401848687967653,0.24004098049389136,0.2659405326264322
6521,2,2,0.1478910260388357,0.22348446939402591,0.6286245045671384
6522,1,2,0.35545951324437614,0.271357233109111,0.373183253646513
6523,2,2,0.30816625313161683,0.26710162988279273,0.4247321169855905
6524,1,2,0.20073692256839445,0.24454775393458608,0.5547153234970195
6525,2,0,0.37350388668367757,0.272017145775476,0.35447896754084646
6526,1,2,0.18588371978251186,0.2395165309720918,0.5745997492453964
6527,1,0,0.4236677352329178,0.27125920515173624,0.30507305961534587
6528,2,2,0.3120196760985948,0.2675919633212552,0.42038836058015
6529,2,2,0.26990333225422686,0.2607832838069,0.469313383938873
6530,0,2,0.3516755588308124,0.27115348534594375,0.3771709558232438
6531,1,0,0.4871855453231098,0.24128098886191837,0.2715334658149718
6532,0,0,0.4065111533650039,0.2719355528159838,0.3215532938190123
6533,0,0,0.49401848687967653,0.24004098049389136,0.2659405326264322
6534,1,2,0.3134629824322213,0.26776882131907664,0.418768196248702
6535,2,0,0.4122056975986864,0.27175822440904646,0.31603607799226713
6536,2,2,0.1727807389467209,0.2345348683003147,0.5926843927529645
6537,2,0,0.49401848687967653,0.24004098049389136,0.2659405326264322
6538,2,2,0.2312833464006003,0.2530652137832097,0.5156514398161901
6539,0,2,0.2688013756559722,0.26060557207447393,0.470593052269554
6540,1,0,0.49401848687967653,0.24004098049389136,0.2659405326264322
6541,0,0,0.49401848687967653,0.24004098049389136,0.2659405326264322
6542,2,2,0.2034528280740899,0.24540139748845283,0.5511457744374573
6543,2,2,0.1908360662582652,0.24126395456590213,0.5678999791758327
6544,2,2,0.22373797336906281,0.25117456945497874,0.5250874571759584
6545,0,2,0.2564867581095204,0.25845569253227696,0.48505754935820256
6546,0,2,0.31894961184371595,0.2684076588358342,0.4126427293204499
6547,2,2,0.2585517895575329,0.25883752372048197,0.48261068672198515
6548,0,0,0.49401848687967653,0.24004098049389136,0.2659405326264322
6549,2,2,0.3269870412524241,0.2692490558581601,0.4037639028894158
6550,1,0,0.49401848687967653,0.24004098049389136,0.2659405326264322
6551,1,2,0.3346102994405067,0.26994522470946236,0.3954444758500309
6552,2,0,0.49401848687967653,0.24004098049389136,0.2659405326264322
6553,2,2,0.21428381944407665,0.24861289272985537,0.537103287826068
6554,2,2,0.1177489349757586,0.20673869267969175,0.6755123723445496
6555,1,2,0.21933643533184252,0.25000915983387667,0.5306544048342807
6556,1,0,0.479875134339011,0.2426233857421328,0.2775014799188561
6557,2,0,0.49401848687967653,0.24004098049389136,0.2659405326264322
6558,0,2,0.24410519501942562,0.25597983283946996,0.4999149721411044
6559,1,0,0.41278087048872364,0.2717376948675102,0.3154814346437662
6560,2,2,0.2245722141993413,0.2513902024231829,0.5240375833774757
6561,1,2,0.3085708628573327,0.26715436128622927,0.42427477585643797
6562,0,0,0.3687465360975562,0.2718926168258188,0.3593608470766251
6563,2,2,0.23228159281160343,0.25330542203979894,0.5144129851485976
6564,1,2,0.343098236893463,0.2706059468145019,0.38629581629203497
6565,2,2,0.28340126252125913,0.26330158315566055,0.4532971543230802
6566,1,2,0.28100482959371265,0.26287237636371996,0.45612279404256734
6567,2,2,0.15354616981212213,0.2261932254505001,0.6202606047373778
6568,1,0,0.3857832379148639,0.2721779858303083,0.3420387762548277
6569,2,2,0.2515103187032308,0.2574993891947321,0.49099029210203715
6570,0,0,0.49401848687967653,0.24004098049389136,0.2659405326264322
6571,2,2,0.14268747272879712,0.2208803722240101,0.6364321550471927
6572,0,0,0.49401848687967653,0.24004098049389136,0.2659405326264322
6573,2,2,0.23841355629575667,0.2547312867881832,0.5068551569160602
6574,2,0,0.43432067094151827,0.2706272385269862,0.29505209053149545
6575,0,0,0.36456822490067214,0.2717542071877625,0.3636775679115654
6576,2,2,0.32827166419363585,0.26937326388917276,0.4023550719171915
6577,0,0,0.49401848687967653,0.24004098049389136,0.2659405326264322
6578,2,2,0.17533083729245214,0.2355465955391901,0.5891225671683579
6579,1,2,0.2848473328058856,0.26355519889595513,0.4515974682981593
6580,2,2,0.25160319625097766,0.2575177095545809,0.4908790941944415
6581,0,2,0.33391028431412395,0.2698853825076385,0.3962043331782375
6582,1,2,0.2740589224107806,0.26156477256752003,0.46437630502169935
6583,0,2,0.3237739203526128,0.26892603859877073,0.4073000410486165
6584,0,0,0.49401848687967653,0.24004098049389136,0.2659405326264322
6585,1,2,0.32913437148624236,0.2694551021025782,0.40141052641117947
6586,0,0,0.4696717079222047,0.2497206708480116,0.2806076212297837
6587,1,2,0.17306098492633656,0.23464708060913003,0.5922919344645334
6588,2,0,0.49401848687967653,0.24004098049389136,0.2659405326264322
6589,2,0,0.37586581812600567,0.272065986655624,0.3520681952183703
6590,2,2,0.3005512038102311,0.26605404530264265,0.4333947508871263
6591,1,2,0.27014051925968774,0.26082122530555446,0.4690382554347578
6592,1,2,0.2588484965149956,0.2588916704236592,0.4822598330613451
6593,2,2,0.10341757980071387,0.19715996904422375,0.6994224511550623
6594,0,0,0.4213689297703227,0.2713744066914204,0.3072566635382569
6595,0,0,0.45660076738584815,0.25894982900712166,0.28444940360703025
6596,0,0,0.4679372887551349,0.25093637180353157,0.28112633944133353
6597,2,2,0.2692232875143521,0.26067389337709457,0.4701028191085534
6598,2,2,0.1379710268409303,0.21842326239960813,0.6436057107594616
6599,0,0,0.49401848687967653,0.24004098049389136,0.2659405326264322
6600,2,2,0.163681261350511,0.23074958136155288,0.605569157287936
6601,2,2,0.2400779662838253,0.2551037733743277,0.504818260341847
6602,0,0,0.49401848687967653,0.24004098049389136,0.2659405326264322
6603,1,2,0.19508250763003884,0.24270595243073076,0.5622115399392303
6604,2,2,0.3255306271967446,0.26910483228100185,0.40536454052225357
6605,2,2,0.1470610925375315,0.22307643949199044,0.6298624679704781
6606,0,0,0.4115867252017308,0.27177978182209955,0.31663349297616966
6607,2,0,0.4337418671411212,0.27066570057101447,0.29559243228786436
6608,0,0,0.41986071003549186,0.27144588162472505,0.30869340833978304
6609,0,2,0.34862641917172843,0.2709725322811359,0.3804010485471357
6610,0,0,0.49401848687967653,0.24004098049389136,0.2659405326264322
6611,0,0,0.49401848687967653,0.24004098049389136,0.2659405326264322
6612,1,2,0.15745545416585466,0.22799487888437386,0.6145496669497714
6613,2,2,0.20530352139825178,0.2459717973711023,0.548724681230646
6614,0,2,0.2529027921179408,0.257772164005058,0.48932504387700126
6615,2,2,0.17163700416613104,0.23407425584896552,0.5942887399849035
6616,2,2,0.3043349803094925,0.2665877129955234,0.42907730669498406
6617,2,2,0.3197014102674462,0.26849109377023106,0.4118074959623227
6618,2,2,0.23813624248634052,0.25466862758044906,0.5071951299332105
6619,0,0,0.44367406174780055,0.2682325065001504,0.2880934317520491
6620,1,2,0.22698211793219344,0.2520038312087282,0.5210140508590784
6621,0,0,0.4136075215577411,0.27170735066089235,0.31468512778136654
6622,2,2,0.2604870679312613,0.2591874772803364,0.4803254547884024
6623,2,0,0.42387060426694606,0.2712486762093409,0.30488071952371304
6624,2,2,0.20269803501661462,0.24516614500612688,0.5521358199772585
6625,0,0,0.49401848687967653,0.24004098049389136,0.2659405326264322
6626,2,2,0.2666627931022713,0.26025390160234785,0.4730833052953809
6627,2,0,0.49401848687967653,0.24004098049389136,0.2659405326264322
6628,2,2,0.13507350463026327,0.21686629278477998,0.6480602025849568
6629,0,2,0.2539644091030157,0.2579774082753596,0.48805818262162476
6630,1,2,0.1986116892839424,0.24386583318819804,0.5575224775278594
6631,2,0,0.43573085193779754,0.2705315555751571,0.2937375924870453
6632,1,2,0.354331495094133,0.2712988966314038,0.37436960827446336
6633,1,0,0.3689683413101166,0.2718992030465868,0.3591324556432966
6634,2,2,0.1333481757119698,0.21592152652901536,0.6507302977590148
6635,1,2,0.30256027500570026,0.26634065668203183,0.43109906831226796
6636,0,2,0.34392962561130885,0.2706642676347344,0.38540610675395687
6637,0,2,0.3633777095241316,0.27170976700923255,0.36491252346663583
6638,0,2,0.33478018477957605,0.26995962393506034,0.39526019128536366
6639,0,0,0.48813193335115734,0.24111212116147707,0.2707559454873657
6640,2,2,0.11753987300283365,0.20660729185819454,0.6758528351389719
6641,0,0,0.49401848687967653,0.24004098049389136,0.2659405326264322
6642,2,0,0.39620694730198003,0.2721357552333502,0.3316572974646697
6643,1,0,0.49401848687967653,0.24004098049389136,0.2659405326264322
6644,1,0,0.49401848687967653,0.24004098049389136,0.2659405326264322
6645,1,0,0.4922795105541853,0.24036113135228268,0.26735935809353206
6646,2,2,0.13042496733059386,0.21428997055999247,0.6552850621094137
6647,1,0,0.39632385457157354,0.2721343625087788,0.3315417829196476
6648,2,0,0.49401848687967653,0.24004098049389136,0.2659405326264322
6649,2,2,0.16705089803742929,0.23218386611415767,0.600765235848413
6650,2,2,0.12710909659186215,0.21239103217455796,0.6604998712335798
6651,0,2,0.2791476065992308,0.2625320477102959,0.45832034569047336
6652,2,2,0.28177838690460155,0.2630121416522665,0.4552094714431319
6653,1,0,0.4409459851284019,0.2701534354982894,0.2889005793733087
6654,0,0,0.49401848687967653,0.24004098049389136,0.2659405326264322
6655,0,0,0.4063426260901391,0.2719400810763317,0.3217172928335291
6656,2,2,0.224724591987676,0.2514294096397921,0.5238459983725319
6657,2,0,0.4424898083362444,0.2690907934255728,0.2884193982381828
6658,0,0,0.49401848687967653,0.24004098049389136,0.2659405326264322
6659,2,0,0.49401848687967653,0.24004098049389136,0.2659405326264322
6660,0,0,0.49401848687967653,0.24004098049389136,0.2659405326264322
6661,2,0,0.3952328532699892,0.27214657104721907,0.3326205756827918
6662,2,2,0.02838016453706064,0.1141638263736828,0.8574560090892566
6663,0,0,0.49401848687967653,0.24004098049389136,0.2659405326264322
6664,2,2,0.22356503252667945,0.2511296601223796,0.5253053073509409
6665,0,0,0.49401848687967653,0.24004098049389136,0.2659405326264322
6666,0,0,0.49401848687967653,0.24004098049389136,0.2659405326264322
6667,2,0,0.49401848687967653,0.24004098049389136,0.2659405326264322
6668,2,2,0.25158967956367045,0.25751504447477014,0.4908952759615594
6669,2,2,0.039063220270305524,0.13197110590876657,0.8289656738209279
6670,1,2,0.26657246436881427,0.2602388499513068,0.4731886856798788
6671,1,2,0.2859720552590057,0.26374967194836185,0.45027827279263244
6672,1,0,0.49401848687967653,0.24004098049389136,0.2659405326264322
6673,2,2,0.08028435392118592,0.17881161219339253,0.7409040338854215
6674,0,2,0.12523388146352926,0.2112938083050476,0.6634723102314232
6675,1,2,0.26007659308407105,0.25911388612007064,0.48080952079585837
6676,2,0,0.49401848687967653,0.24004098049389136,0.2659405326264322
6677,2,0,0.49401848687967653,0.24004098049389136,0.2659405326264322
6678,2,2,0.11817574368611253,0.20700623054712833,0.6748180257667591
6679,2,0,0.3817762905492283,0.2721507471322188,0.34607296231855283
6680,2,0,0.366017566124297,0.2718053085547779,0.36217712532092516
6681,2,2,0.09716254365339166,0.19258383213744426,0.7102536242091642
6682,0,2,0.15237766660279012,0.22564359928949054,0.6219787341077193
6683,0,0,0.49401848687967653,0.24004098049389136,0.2659405326264322
6684,2,0,0.37043511558905473,0.27194083242402173,0.35762405198692354
6685,2,0,0.49401848687967653,0.24004098049389136,0.2659405326264322
6686,0,0,0.49401848687967653,0.24004098049389136,0.2659405326264322
6687,0,2,0.2801325510927387,0.26271337479671125,0.4571540741105501
6688,1,0,0.49401848687967653,0.24004098049389136,0.2659405326264322
6689,1,2,0.24942383326777887,0.25708303969282614,0.493493127039395
6690,2,2,0.2730377451781774,0.2613644656395062,0.4655977891823164
6691,0,0,0.49401848687967653,0.24004098049389136,0.2659405326264322
6692,1,2,0.15043894051441378,0.22472019171121688,0.6248408677743694
6693,2,2,0.3097780764155867,0.26730995172924854,0.4229119718551648
6694,2,0,0.49401848687967653,0.24004098049389136,0.2659405326264322
6695,2,2,0.025024355800448938,0.10754019179873281,0.8674354524008183
6696,1,2,0.1713954091961159,0.23397641162168265,0.5946281791822015
6697,2,0,0.49401848687967653,0.24004098049389136,0.2659405326264322
6698,0,2,0.17665008433155976,0.23606181922937694,0.5872880964390632
6699,2,0,0.49401848687967653,0.24004098049389136,0.2659405326264322
6700,0,2,0.2082762660408872,0.24686913285932396,0.5448546010997889
6701,0,0,0.49401848687967653,0.24004098049389136,0.2659405326264322
6702,0,2,0.3140999988031726,0.26784570733500235,0.4180542938618251
6703,0,0,0.49401848687967653,0.24004098049389136,0.2659405326264322
6704,0,0,0.49401848687967653,0.24004098049389136,0.2659405326264322
6705,0,2,0.3373820097107056,0.2701741278872196,0.3924438624020749
6706,2,2,0.17795077017367555,0.2365644021298661,0.5854848276964583
6707,1,0,0.37563901082536927,0.2720616690269646,0.3522993201476661
6708,2,0,0.49401848687967653,0.24004098049389136,0.2659405326264322
6709,2,0,0.49401848687967653,0.24004098049389136,0.2659405326264322
6710,2,0,0.49401848687967653,0.24004098049389136,0.2659405326264322
6711,2,2,0.07363204682332648,0.1727164955405799,0.7536514576360935
6712,1,2,0.17219206591589056,0.23429832748734414,0.5935096065967653
