,Outcome,Prediction,ProbA,ProbD,ProbH
6120,0,0,0.4664621466047714,0.41096477988753827,0.1225730735076902
6121,0,1,0.07793924704884599,0.6519717725343368,0.2700889804168172
6122,1,0,0.41089822386524827,0.27786404596184955,0.3112377301729021
6123,1,0,0.6148187048743337,0.3030345912620413,0.08214670386362503
6124,2,2,0.18302372603621608,0.17931424439505142,0.6376620295687325
6125,0,2,0.26631634243911595,0.1851667698378775,0.5485168877230066
6126,1,2,0.026240313361308203,0.06471790375834764,0.9090417828803442
6127,0,0,0.5599990508324322,0.21229366972668443,0.2277072794408834
6128,2,2,0.11861916243792427,0.11836845787157878,0.763012379690497
6129,2,2,0.1079096984874939,0.1250895563586418,0.7670007451538643
6130,0,2,0.08763876605077328,0.12973152488360878,0.782629709065618
6131,2,2,0.09878598578030269,0.1880300923739134,0.7131839218457838
6132,0,1,0.33252487183967677,0.560093890355962,0.1073812378043612
6133,1,2,0.15549823854176723,0.1471914137999611,0.6973103476582717
6134,1,0,0.4705654874439152,0.18984476813941276,0.3395897444166722
6135,0,0,0.5955837846529476,0.10100461520927549,0.3034116001377769
6136,2,2,0.15775007070943517,0.25933157891862973,0.5829183503719351
6137,2,2,0.021023023635422872,0.05773593865836834,0.9212410377062088
6138,2,2,0.04733729259970839,0.1853008207311817,0.7673618866691098
6139,0,2,0.029397726266551433,0.09292522441386594,0.8776770493195827
6140,0,0,0.5452946847765342,0.41277431582870805,0.041930999394757786
6141,2,0,0.4033986444834388,0.29858838592620573,0.29801296959035545
6142,0,0,0.4322824160873651,0.20135077505079385,0.36636680886184114
6143,1,2,0.08551526603064381,0.2111828842504739,0.7033018497188823
6144,1,2,0.15377031858440635,0.1570104731485875,0.6892192082670062
6145,1,2,0.058668547742710596,0.05391615897096591,0.8874152932863235
6146,0,0,0.5499630255608942,0.34726200761615617,0.10277496682294973
6147,2,0,0.6439117027643995,0.1652482229259088,0.19084007430969166
6148,1,1,0.19380085172823877,0.4397434365998034,0.36645571167195784
6149,1,2,0.2133729690075193,0.3111537257265647,0.4754733052659161
6150,0,2,0.30311300853309414,0.1922179592682243,0.5046690321986815
6151,0,2,0.08730384281567137,0.3421597222520066,0.5705364349323221
6152,1,2,0.2943345163611332,0.2937833988471571,0.41188208479170957
6153,0,0,0.42400317701827744,0.35336574486239575,0.22263107811932684
6154,1,2,0.03540367574014519,0.11283914861301671,0.8517571756468381
6155,0,2,0.28715539734745543,0.19279587244554836,0.5200487302069962
6156,2,2,0.17133854185141717,0.2526940983139571,0.5759673598346257
6157,2,1,0.3046205608027686,0.4407100526339944,0.254669386563237
6158,0,0,0.97788651427291,0.018336176130222127,0.00377730959686794
6159,2,0,0.4115566911011029,0.28324696803881644,0.3051963408600808
6160,0,0,0.5305418742080457,0.20865139610662015,0.2608067296853342
6161,0,0,0.6030088638398705,0.11644521262923556,0.28054592353089397
6162,2,2,0.07776056782353423,0.16425997052274696,0.7579794616537188
6163,2,2,0.06189850469429218,0.1811810327715728,0.756920462534135
6164,2,2,0.1524083910175468,0.32108718060028185,0.5265044283821715
6165,2,2,0.12345949846190163,0.10095388470311337,0.7755866168349849
6166,2,1,0.3482411707988042,0.3792167564355786,0.27254207276561715
6167,2,2,0.3173143166444021,0.24217989211491145,0.44050579124068645
6168,2,2,0.20968536767957782,0.10009149647639413,0.6902231358440281
6169,2,2,0.059022286671149234,0.09654242035626355,0.8444352929725872
6170,0,2,0.043550818175653476,0.038673037519140634,0.9177761443052058
6171,0,2,0.0463160976699878,0.08228114815132284,0.8714027541786893
6172,2,2,0.08291785862850497,0.24484125359751222,0.6722408877739827
6173,2,2,0.20722235118281496,0.32433013356568163,0.4684475152515036
6174,2,2,0.08422156845822187,0.15259324277254943,0.7631851887692287
6175,2,2,0.04581552659565972,0.23076165589228312,0.7234228175120572
6176,1,1,0.300130128272181,0.3574637605973531,0.3424061111304659
6177,1,0,0.5935101861003713,0.24568698260518235,0.16080283129444634
6178,0,0,0.48837668032677467,0.19344577405632868,0.3181775456168967
6179,1,2,0.19018466833035866,0.3739271733424373,0.43588815832720407
6180,2,2,0.03648985657444741,0.12782091791367128,0.8356892255118813
6181,2,2,0.00563068445040186,0.05088539749926635,0.9434839180503318
6182,0,2,0.16188300480031306,0.20646860264446779,0.6316483925552191
6183,2,2,0.12900767045968453,0.4317407395459083,0.4392515899944073
6184,0,0,0.5363650423528823,0.28066976660860166,0.18296519103851602
6185,2,2,0.016337145912080093,0.03477036337598181,0.948892490711938
6186,1,2,0.39330361061964697,0.09468900056558013,0.5120073888147729
6187,0,2,0.18568637915828726,0.31819186259116855,0.49612175825054405
6188,2,2,0.10066334626402706,0.2259080583839313,0.6734285953520416
6189,0,0,0.8254423380942634,0.09122146010803728,0.08333620179769939
6190,2,2,0.08417357615890915,0.1520682290916043,0.7637581947494866
6191,2,2,0.15041132893233503,0.07634466219086507,0.7732440088767998
6192,2,2,0.2580732615764977,0.21507718952156743,0.5268495489019349
6193,2,2,0.058516105486448845,0.26198115431043745,0.6795027402031137
6194,2,2,0.011291293222534088,0.3232005357896808,0.6655081709877853
6195,2,2,0.11480473276939085,0.38460018649037603,0.5005950807402331
6196,2,2,0.17028405069404248,0.1828233830206579,0.6468925662852996
6197,0,0,0.4842843940268944,0.3545504887362613,0.16116511723684432
6198,2,0,0.8826925605879896,0.10816027098901476,0.009147168422995506
6199,2,2,0.016141413952656745,0.024389990822130177,0.9594685952252131
6200,1,2,0.3722781708718728,0.15438651567200098,0.4733353134561262
6201,0,2,0.265699582849971,0.3046880888396317,0.42961232831039725
6202,0,0,0.7010833034583669,0.10483671038188731,0.19407998615974578
6203,0,1,0.180032949322173,0.5242707175904581,0.295696333087369
6204,2,0,0.4566322108843084,0.3826509610614364,0.1607168280542552
6205,0,0,0.44988564937764747,0.2688218293286087,0.281292521293744
6206,2,2,0.29504963956252594,0.06964848027974437,0.6353018801577297
6207,2,1,0.06877855798728832,0.5790836382299718,0.35213780378273996
6208,2,2,0.06197080318011735,0.22377568132196451,0.7142535154979182
6209,1,2,0.043368263737984275,0.05757673752205181,0.899054998739964
6210,2,2,0.25592616139945146,0.11509109876951973,0.6289827398310288
6211,2,2,0.17582624922282594,0.046846760175105716,0.7773269906020683
6212,2,1,0.22726754419637735,0.48386395358132733,0.28886850222229526
6213,0,2,0.1863762316053576,0.37991061301124524,0.43371315538339705
6214,2,2,0.23513393455539522,0.12655028828089387,0.6383157771637109
6215,1,2,0.21939244128924906,0.19153413704259156,0.5890734216681593
6216,0,2,0.07576342909925754,0.17804203961902024,0.7461945312817223
6217,0,0,0.7474321870627756,0.17198124436202272,0.08058656857520176
6218,2,2,0.1364781787387839,0.19706677800097575,0.6664550432602403
6219,0,0,0.9017425058716324,0.07302842241265432,0.025229071715713237
6220,2,0,0.5825830054902573,0.11135995611279602,0.3060570383969467
6221,1,0,0.9756671352106135,0.019465463649119996,0.004867401140266526
6222,2,2,0.0616313684514334,0.11713426951401312,0.8212343620345534
6223,2,0,0.5711845797433929,0.3581513103618428,0.07066410989476431
6224,2,2,0.1671417166834657,0.2704495072326109,0.5624087760839234
6225,2,2,0.012126688010678618,0.06600059140775748,0.9218727205815639
6226,0,2,0.4197633746657387,0.1327047598600674,0.44753186547419394
6227,1,0,0.4295074938108075,0.1834201836368737,0.3870723225523187
6228,0,2,0.07607468931657516,0.2494562704385225,0.6744690402449024
6229,2,2,0.04611302703531449,0.3205478487262191,0.6333391242384664
6230,2,1,0.13539225281855785,0.7808552102350031,0.08375253694643911
6231,2,2,0.06400300477105282,0.40670325920185857,0.5292937360270886
6232,2,2,0.23022047259478057,0.1544848481891842,0.6152946792160352
6233,2,1,0.24697772913098567,0.45204926276061197,0.3009730081084023
6234,2,0,0.6029540290517946,0.22612347846000624,0.1709224924881991
6235,2,2,0.1780972722086822,0.1363340130097237,0.6855687147815941
6236,2,2,0.023088827287920385,0.08965966427098412,0.8872515084410955
6237,0,2,0.21186805331383834,0.19612887926835426,0.5920030674178073
6238,2,2,0.006562709626504647,0.1861736366764309,0.8072636536970644
6239,2,2,0.07277973151647096,0.10533810716094598,0.8218821613225831
6240,1,2,0.29118730378719954,0.22403894233214322,0.4847737538806574
6241,1,0,0.397566281257152,0.2153180470889341,0.38711567165391403
6242,2,2,0.037947214462827124,0.29023150240357115,0.6718212831336017
6243,1,0,0.5753143200906384,0.18278295917642054,0.24190272073294103
6244,2,0,0.6185774816557177,0.06916517079249114,0.3122573475517912
6245,2,2,0.32078418404548315,0.13638290116119317,0.5428329147933236
6246,2,1,0.24852785577757933,0.39870411526756405,0.35276802895485665
6247,2,1,0.04812786551445142,0.6333611955823406,0.318510938903208
6248,2,1,0.41869249743534953,0.5652903607204156,0.01601714184423487
6249,2,2,0.13165929903578763,0.3198086481174521,0.5485320528467603
6250,0,0,0.7235354172214284,0.19352488957172265,0.08293969320684899
6251,0,2,0.11519678968089553,0.13164821489311845,0.7531549954259861
6252,2,2,0.060787659275293955,0.13006085245700347,0.8091514882677027
6253,2,2,0.0522741307999556,0.05919865492922829,0.888527214270816
6254,1,1,0.4737583755671201,0.4754419963467731,0.0507996280861069
6255,0,2,0.015450963297360752,0.04579524768245993,0.9387537890201794
6256,1,2,0.16479031778768455,0.36017039898765735,0.4750392832246581
6257,2,2,0.01747939563137212,0.07635146096851551,0.9061691434001123
6258,2,2,0.42570921511088045,0.10417721489190655,0.4701135699972129
6259,0,0,0.5265655156515759,0.3250386243249456,0.1483958600234784
6260,1,1,0.3872663469947421,0.47450316923027724,0.13823048377498068
6261,0,0,0.36574009903898264,0.2695538037973712,0.36470609716364616
6262,0,0,0.6344311423901862,0.09543746331073157,0.2701313942990822
6263,1,2,0.12484244497963852,0.06542726229896932,0.8097302927213923
6264,0,2,0.13292912400414808,0.26962162972716286,0.5974492462686891
6265,1,2,0.3339296202273749,0.12265930725137347,0.5434110725212516
6266,2,1,0.08651841303550967,0.6906351368909227,0.22284645007356763
6267,0,2,0.2708557740826631,0.10083024529549037,0.6283139806218466
6268,0,0,0.5562042942591704,0.26108419771205743,0.18271150802877215
6269,2,0,0.8371576626171042,0.10706865024273932,0.05577368714015653
6270,2,2,0.22706816216065534,0.23549901632224451,0.5374328215171001
6271,2,0,0.40345096547282083,0.3630098391909903,0.233539195336189
6272,0,2,0.2294519648501751,0.29532772471856195,0.47522031043126284
6273,2,0,0.5951453914044981,0.2947508667728597,0.11010374182264218
6274,1,0,0.5437962942953087,0.1898911152618306,0.26631259044286054
6275,2,2,0.007739293571595817,0.04098183581944542,0.9512788706089587
6276,2,0,0.6903579262902171,0.2541276530161713,0.055514420693611614
6277,1,2,0.16440672564272973,0.061153952458456826,0.7744393218988134
6278,2,2,0.056526164472100814,0.1888389660397767,0.7546348694881225
6279,2,2,0.11524480206108985,0.22724769877447012,0.65750749916444
6280,0,1,0.34119373279367016,0.4509477172452422,0.20785854996108777
6281,2,2,0.09657519637245851,0.17483112497153824,0.7285936786560031
6282,1,1,0.2829039606593487,0.37283577536481144,0.34426026397584
6283,0,0,0.549818541354674,0.2454396201362891,0.20474183850903685
6284,2,1,0.14636317717851027,0.4432611598222116,0.4103756629992781
6285,1,0,0.5875566589957485,0.2856286942984834,0.12681464670576809
6286,0,2,0.13303738982286584,0.22423751940916425,0.6427250907679698
6287,1,0,0.6168414808065645,0.3669902908130115,0.016168228380423876
6288,2,2,0.015377747521540999,0.07253425081162256,0.9120880016668365
6289,2,1,0.290932618333476,0.5235091337054854,0.18555824796103867
6290,2,0,0.5265768140360086,0.21853381949666076,0.2548893664673306
6291,2,2,0.10222546891759433,0.2913082332905326,0.606466297791873
6292,0,0,0.6329240345109297,0.08476331788121465,0.2823126476078556
6293,0,2,0.3074366515921105,0.3024817020728244,0.39008164633506504
6294,0,2,0.17997588376650295,0.2170122178962575,0.6030118983372397
6295,1,2,0.02391242518406543,0.0784179360064792,0.8976696388094554
6296,1,2,0.029569982314085953,0.2455534090047823,0.7248766086811318
6297,2,0,0.5251697498790208,0.2825712914625784,0.1922589586584007
6298,1,2,0.27575275583796094,0.17757817145557084,0.5466690727064683
6299,1,2,0.004222720674224703,0.016286518121584947,0.9794907612041904
6300,2,2,0.09643816355257928,0.07263788945259267,0.830923946994828
6301,1,0,0.4159567842320404,0.18510335986333845,0.39893985590462105
6302,2,2,0.08110830467309489,0.062464654568334964,0.8564270407585701
6303,2,2,0.09994939297245975,0.27744672491706984,0.6226038821104704
6304,2,0,0.5493493069335519,0.14596533768133926,0.3046853553851089
6305,2,0,0.4567716353840507,0.25239029725262574,0.2908380673633236
6306,2,0,0.4455300449475944,0.3342842259488212,0.22018572910358444
6307,1,0,0.7149848044406807,0.19828238449011582,0.08673281106920346
6308,2,0,0.4203876614084896,0.2749306112389961,0.30468172735251425
6309,2,2,0.10632734298957999,0.26577173460168035,0.6279009224087396
6310,2,0,0.433570952227038,0.17188410106936833,0.3945449467035936
6311,1,2,0.06871158115170388,0.38393964043056633,0.5473487784177298
6312,2,2,0.020493469046419285,0.0909975919543967,0.888508938999184
6313,1,2,0.397160851467734,0.08855487086203569,0.5142842776702302
6314,2,1,0.16423612672044768,0.659673345254916,0.17609052802463637
6315,2,2,0.34858945729461344,0.1388638123884464,0.5125467303169402
6316,2,2,0.19346685727803578,0.17945677797407927,0.627076364747885
6317,2,0,0.465009435212725,0.28101279905340026,0.25397776573387465
6318,0,0,0.6253901206195389,0.31886913976191467,0.05574073961854633
6319,1,1,0.25354783505116335,0.5549034582057701,0.1915487067430665
6320,2,1,0.3026197394777171,0.5413149953133132,0.15606526520896982
6321,2,2,0.035126488859473726,0.06386275026366708,0.9010107608768592
6322,0,2,0.2096082236780935,0.2348897570407864,0.5555020192811201
6323,1,2,0.24133864655268747,0.15339830731322465,0.6052630461340879
6324,0,2,0.2880155390160057,0.10900992111295515,0.6029745398710391
6325,0,2,0.14311638600647128,0.1936356330778309,0.6632479809156978
6326,2,0,0.7291493521025272,0.1682052972072782,0.10264535069019472
6327,2,2,0.2996343806845039,0.1681684151402279,0.5321972041752682
6328,1,2,0.05856744470580676,0.35450763158713383,0.5869249237070595
6329,0,2,0.08497844017929249,0.23379681420490614,0.6812247456158014
6330,2,2,0.16135886116414186,0.3380862932517012,0.500554845584157
6331,2,2,0.0909554704482471,0.1821469151494719,0.726897614402281
6332,0,1,0.45516993222194685,0.513979844998197,0.030850222779856128
6333,2,0,0.5367301741390883,0.24994100610297013,0.21332881975794152
6334,2,2,0.22638911077641857,0.19947527717958793,0.5741356120439934
6335,1,2,0.37406235190862397,0.08575490940878892,0.540182738682587
6336,1,2,0.09206998556570871,0.12770203461274296,0.7802279798215483
6337,2,0,0.6586798501101846,0.20158244033082146,0.13973770955899398
6338,0,2,0.12187358744521122,0.3290434671435443,0.5490829454112445
6339,2,0,0.7154312925758555,0.10058083422089706,0.18398787320324755
6340,1,2,0.15267669883821175,0.1678070030621268,0.6795162980996615
6341,2,2,0.45181579690929036,0.04951016398976662,0.498674039100943
6342,0,2,0.10181325780918515,0.1683404018545056,0.7298463403363092
6343,1,2,0.20434944783377695,0.22696343229730848,0.5686871198689145
6344,2,2,0.19620080344358004,0.22033282095169185,0.5834663756047281
6345,2,1,0.09422533029448006,0.6099813820496621,0.2957932876558579
6346,2,2,0.13751060123228392,0.08152276635367735,0.7809666324140387
6347,0,0,0.5478586680995077,0.19413127334033803,0.2580100585601544
6348,2,2,0.04196810520727488,0.19177829190069057,0.7662536028920345
6349,2,2,0.04543189244875324,0.04449166112367559,0.9100764464275711
6350,2,2,0.24446248643527926,0.1945825972299767,0.560954916334744
6351,0,0,0.4039240060335055,0.33652871456623207,0.25954727940026245
6352,2,2,0.20521940079630951,0.26358915423579166,0.5311914449678988
6353,0,2,0.27684355653765974,0.09354053449232777,0.6296159089700125
6354,2,2,0.03822855319335445,0.36031039457246544,0.60146105223418
6355,0,1,0.08841041235041683,0.680479266374505,0.23111032127507802
6356,2,2,0.09895939412005983,0.39624081912316134,0.5047997867567788
6357,0,0,0.9638775670908788,0.025543628690632238,0.010578804218488932
6358,0,2,0.346235608312249,0.28187472469343017,0.37188966699432074
6359,0,2,0.19570576198195705,0.2856179399964238,0.5186762980216192
6360,1,0,0.7627498481535244,0.14707395405960855,0.09017619778686706
6361,1,2,0.10676560973032584,0.2037635491465593,0.6894708411231149
6362,2,2,0.10620636330810602,0.1945953759197241,0.69919826077217
6363,2,2,0.004045187338749876,0.024151401408369574,0.9718034112528805
6364,0,0,0.3783430536714161,0.3213455956275863,0.30031135070099774
6365,0,0,0.6266118256429715,0.10918781281176207,0.2642003615452666
6366,1,2,0.14831826875356302,0.11197489664010908,0.7397068346063279
6367,2,2,0.34376931900585317,0.2616752304893259,0.394555450504821
6368,2,2,0.02332620439065873,0.05872156130260815,0.9179522343067331
6369,2,0,0.42713952691945106,0.33769380864252674,0.23516666443802217
6370,2,2,0.26339806497125073,0.24212213202939337,0.4944798029993558
6371,1,0,0.8045556655612666,0.16655315248491379,0.028891181953819584
6372,2,2,0.06383645348740224,0.4494803848010981,0.4866831617114998
6373,2,2,0.07027171483348411,0.06951999744684027,0.8602082877196755
6374,2,2,0.36857736141297787,0.1287104396609926,0.5027121989260295
6375,2,2,0.09905337940060029,0.13606623408408078,0.7648803865153189
6376,1,0,0.6991441255530519,0.18514880375589135,0.11570707069105661
6377,1,0,0.5331713803290743,0.23609709164965564,0.23073152802126995
6378,1,2,0.31785612745801967,0.2477072310353079,0.4344366415066724
6379,2,2,0.05323423829157913,0.23007250390614148,0.7166932578022794
6380,0,0,0.7254400265512033,0.09481725956495946,0.17974271388383714
6381,1,2,0.35893837375236093,0.09746987125162661,0.5435917549960124
6382,2,0,0.5214577101389448,0.2166697467509515,0.2618725431101036
6383,1,0,0.8206606638609909,0.15699961447565505,0.022339721663354017
6384,0,0,0.4155175578149756,0.19174546087869984,0.39273698130632445
6385,2,2,0.006456585613007039,0.06983244128369862,0.9237109731032944
6386,0,2,0.2329659770797156,0.18514905905991788,0.5818849638603666
6387,1,2,0.06646312047342727,0.1618797726936554,0.7716571068329173
6388,0,1,0.4620257083056295,0.46894247729460525,0.06903181439976523
6389,1,2,0.011841403170404363,0.04640195124652184,0.9417566455830738
6390,2,2,0.08011803835618517,0.13217581718387958,0.7877061444599351
6391,0,0,0.37452738823905,0.2938512468961973,0.3316213648647527
6392,1,0,0.34319709433027956,0.3223410830547057,0.3344618226150148
6393,0,0,0.8401776416239096,0.09206219685345646,0.06776016152263387
6394,1,1,0.06745099645316326,0.5857941712643756,0.3467548322824612
6395,1,2,0.40863151185029556,0.09385193381073861,0.4975165543389657
6396,0,0,0.6018520732851421,0.3443381331311966,0.05380979358366127
6397,2,2,0.1839385995513756,0.31864805388874295,0.4974133465598814
6398,1,0,0.4914516491822471,0.4261188780358075,0.08242947278194532
6399,2,1,0.19401555777746982,0.538290203327797,0.2676942388947333
6400,0,1,0.4082535331644877,0.5759028251969296,0.015843641638582803
6401,1,2,0.2408596443037052,0.09245556307307091,0.6666847926232239
6402,2,0,0.5505450358286135,0.39753888315376307,0.05191608101762344
6403,1,0,0.5921395456619474,0.15659086149411916,0.2512695928439334
6404,1,0,0.586901204819491,0.1375346806792049,0.2755641145013041
6405,2,1,0.11726999964987202,0.45293566880084696,0.429794331549281
6406,2,2,0.0038240986468585304,0.03402805677404975,0.9621478445790917
6407,2,2,0.10115913619499005,0.27888808486361305,0.6199527789413969
6408,0,1,0.3414233824975589,0.47506345433785185,0.18351316316458932
6409,2,2,0.20712048030068475,0.31627403586610203,0.4766054838332133
6410,0,0,0.5854156154334794,0.2084648591137258,0.20611952545279477
6411,0,0,0.4654990067929703,0.3548190232715497,0.17968196993548005
6412,2,2,0.022993396836117074,0.07281645815278262,0.9041901450111002
6413,2,2,0.08447272346250906,0.08223759036785726,0.8332896861696336
6414,1,2,0.13374433947792852,0.2966247511857637,0.5696309093363077
6415,0,1,0.18196125236821606,0.5055196168824658,0.31251913074931814
6416,2,2,0.198725294949392,0.1820645307196601,0.6192101743309478
6417,0,2,0.15526144032682865,0.20751534648249162,0.6372232131906796
6418,0,2,0.3626874709295885,0.23203992766259807,0.40527260140781357
6419,2,2,0.1216397119481886,0.1311323717232098,0.7472279163286015
6420,2,2,0.03233909162025384,0.2246173240484103,0.7430435843313359
6421,0,0,0.6614656329346159,0.10124479522527761,0.23728957184010657
6422,2,2,0.06060510389279805,0.24774919605198453,0.6916457000552174
6423,2,2,0.06415407824247399,0.1826211154883732,0.7532248062691528
6424,1,2,0.3406194112354827,0.13121611361130767,0.5281644751532096
6425,1,2,0.2161088978953919,0.377050732803704,0.406840369300904
6426,2,2,0.0087996940807148,0.19538083874423662,0.7958194671750486
6427,0,0,0.871598114976121,0.11540759962577309,0.012994285398105768
6428,2,2,0.40188646077591694,0.17672981615068484,0.4213837230733983
6429,1,0,0.500918488839788,0.3901916315835279,0.10888987957668418
6430,1,0,0.5159153739039949,0.10348709040998526,0.3805975356860199
6431,2,2,0.020814087708957943,0.07274240172120087,0.9064435105698412
6432,0,2,0.07556077965612593,0.13038058812130518,0.7940586322225689
6433,0,0,0.9052188555375982,0.05553773914760654,0.03924340531479529
6434,1,2,0.29408390529142286,0.28554703579237195,0.42036905891620524
6435,1,0,0.48928896399173416,0.15038999386809618,0.3603210421401697
6436,2,2,0.03693187340887381,0.21432544703489287,0.7487426795562334
6437,1,2,0.11793066335327429,0.1283075052216182,0.7537618314251074
6438,2,2,0.2464031663421789,0.34554903555874544,0.40804779809907576
6439,0,0,0.5695652937532913,0.20623845495919063,0.22419625128751808
6440,2,2,0.013247583932712189,0.03896472533662197,0.9477876907306658
6441,2,0,0.7018277366821933,0.02786457265471982,0.2703076906630869
6442,2,2,0.19488165447540098,0.24525794135442897,0.55986040417017
6443,2,0,0.5754657030637352,0.21379462579111005,0.2107396711451546
6444,0,2,0.006932700866559229,0.03418541933533736,0.9588818797981034
6445,2,0,0.5872794381901971,0.2056576257608823,0.20706293604892043
6446,1,2,0.057525907976868414,0.06063679826075647,0.8818372937623751
6447,0,2,0.1276558976530715,0.10977980473921857,0.76256429760771
6448,1,2,0.2527078334280818,0.3486921708282617,0.39859999574365645
6449,1,0,0.4409507291152677,0.21133920260821593,0.3477100682765163
6450,0,2,0.10643388545926877,0.254371286593361,0.6391948279473701
6451,2,2,0.21817181698569474,0.22567535875453362,0.5561528242597715
6452,1,1,0.07957548062294752,0.49550800848788507,0.42491651088916743
6453,2,2,0.03535305935850788,0.2289801694651923,0.7356667711762999
6454,1,1,0.3242471630183237,0.48333182031482214,0.19242101666685407
6455,0,2,0.3698336708369711,0.1675793513262916,0.4625869778367374
6456,0,1,0.035785403629458,0.6033349861282287,0.36087961024231335
6457,2,2,0.003937695249127227,0.05800504354101893,0.9380572612098539
6458,0,0,0.378407079016134,0.3034709792830134,0.3181219417008527
6459,1,2,0.15261996400250438,0.08171464442717598,0.7656653915703197
6460,0,2,0.16448479609408512,0.20481112372065827,0.6307040801852566
6461,0,2,0.28799666265963886,0.19998586212234015,0.5120174752180211
6462,0,0,0.6309813136927288,0.10825817359210918,0.26076051271516215
6463,1,2,0.009829594487285272,0.06456981971805481,0.92560058579466
6464,2,0,0.4067799428421222,0.40568062332890986,0.18753943382896804
6465,0,0,0.6540961674028478,0.23338583712572836,0.11251799547142376
6466,0,0,0.5506632724124118,0.1781661514726402,0.27117057611494805
6467,2,2,0.15619394255129648,0.2796051890138001,0.5642008684349035
6468,2,1,0.11275034653131814,0.7018406577593773,0.1854089957093045
6469,0,1,0.12361304766172973,0.4531046630243655,0.4232822893139049
6470,2,2,0.025199866548347,0.05540988276693271,0.9193902506847202
6471,0,2,0.09800094456279831,0.3786416774086503,0.5233573780285514
6472,2,2,0.23787833686704402,0.272662429761899,0.4894592333710569
6473,1,0,0.7687520818714852,0.1471945378222254,0.08405338030628919
6474,0,1,0.2099270108930917,0.5253660331954558,0.26470695591145244
6475,0,2,0.21429897382010288,0.14353229364454448,0.6421687325353526
6476,2,2,0.11113793336311696,0.3368152740214987,0.5520467926153844
6477,1,2,0.2817897520639333,0.2500667466853148,0.46814350125075194
6478,0,2,0.33181869058865976,0.17795429406880867,0.49022701534253166
6479,0,1,0.3174725733205923,0.5644014568707517,0.118125969808656
6480,0,2,0.1749604128782439,0.3320157423469456,0.49302384477481054
6481,1,0,0.5802391613921252,0.30738056403788355,0.11238027456999129
6482,1,2,0.16950522468256926,0.20594400621005865,0.6245507691073721
6483,0,0,0.4790821046635955,0.11591869662438194,0.40499919871202256
6484,0,2,0.03188957045776299,0.10372676614456573,0.8643836633976713
6485,2,2,0.2477672396699607,0.2718302013532053,0.4804025589768339
6486,1,2,0.3994858323713979,0.1847865769311261,0.4157275906974761
6487,2,2,0.10004828694297961,0.30690887568135766,0.5930428373756628
6488,2,2,0.07107905213151744,0.2576243575995906,0.671296590268892
6489,0,2,0.1023132059068634,0.24274492872761796,0.6549418653655187
6490,0,0,0.40188114823302046,0.3119696224807953,0.2861492292861843
6491,0,0,0.6913026680969575,0.1934317314153735,0.11526560048766894
6492,2,2,0.10726197569333323,0.11638593416737214,0.7763520901392947
6493,1,2,0.24923929659016622,0.10011984504815483,0.650640858361679
6494,0,0,0.6813778981728924,0.20329856993870765,0.11532353188839997
6495,0,2,0.13662514387539654,0.1738547297862447,0.6895201263383588
6496,0,0,0.6120510528523628,0.2880706054516725,0.09987834169596464
6497,0,0,0.9721605120842844,0.017357641435345184,0.010481846480370382
6498,2,2,0.11696345866930292,0.2948841174139617,0.5881524239167354
6499,0,2,0.046360510326879094,0.1094652750455582,0.8441742146275627
6500,2,2,0.20464125114415452,0.22603920714337875,0.5693195417124667
6501,1,2,0.2845431785411738,0.32416654330736433,0.39129027815146195
6502,1,2,0.10332691857107001,0.14492510107951379,0.7517479803494161
6503,1,0,0.5122988199471944,0.25368172788613674,0.23401945216666875
6504,2,2,0.11256530699055227,0.139176044519208,0.7482586484902397
6505,0,2,0.19476149934829085,0.2704667005366182,0.534771800115091
6506,1,0,0.5170787495289689,0.08682468870998794,0.39609656176104313
6507,2,2,0.07772099350004019,0.20763601233176718,0.7146429941681927
6508,2,2,0.01031053032647755,0.03392394359395626,0.9557655260795663
6509,2,2,0.2847322722462462,0.17939084620314918,0.5358768815506046
6510,0,0,0.7174994780220686,0.27822772474698027,0.004272797230951128
6511,0,2,0.17729555555764795,0.3138759292191827,0.5088285152231693
6512,2,2,0.06078374980277949,0.3110809241138729,0.6281353260833477
6513,0,2,0.150360423858303,0.21692252910573928,0.6327170470359577
6514,1,1,0.152809909045474,0.4266178830364879,0.42057220791803807
6515,0,0,0.48870704213061367,0.3728902495219595,0.1384027083474267
6516,2,2,0.06671215389881527,0.17047365374670626,0.7628141923544784
6517,0,2,0.09373070806113312,0.11440048712762521,0.7918688048112417
6518,2,0,0.4202909532209553,0.2032111810369832,0.37649786574206157
6519,0,2,0.03810965871558391,0.0545283068507561,0.90736203443366
6520,2,0,0.5073594482428831,0.1630008799384964,0.32963967181862047
6521,2,2,0.04860262867512578,0.07799847009294546,0.8733989012319288
6522,1,2,0.055986997883490014,0.09431661164078571,0.8496963904757242
6523,2,2,0.16052978237943658,0.2099766085992064,0.6294936090213571
6524,1,2,0.15327720361963032,0.3372544494604324,0.5094683469199373
6525,2,1,0.14353128514234909,0.48119348705203324,0.3752752278056177
6526,1,2,0.047310231301701935,0.11001447056114255,0.8426752981371555
6527,1,2,0.19783534075503967,0.2018414530830265,0.6003232061619338
6528,2,2,0.2096091634721534,0.15505847467911946,0.6353323618487271
6529,2,0,0.49663344030277173,0.2608440816498734,0.24252247804735494
6530,0,2,0.35153132700926776,0.22791784564641326,0.42055082734431903
6531,1,2,0.10228715815683828,0.18286136847158688,0.7148514733715748
6532,0,2,0.08279481255873729,0.10768825851896628,0.8095169289222963
6533,0,0,0.7299651062294218,0.22706587314780116,0.0429690206227771
6534,1,2,0.3325409472144435,0.26436862899920743,0.4030904237863491
6535,2,1,0.23379519558303294,0.39184290050787995,0.374361903909087
6536,2,2,0.018840824632697175,0.0981872787899045,0.8829718965773983
6537,2,0,0.5395080247555359,0.20424164456203192,0.2562503306824321
6538,2,1,0.18947427688819482,0.4077192600284056,0.40280646308339946
6539,0,2,0.06190409028253927,0.13309698128617833,0.8049989284312824
6540,1,0,0.7904189828677733,0.14046657935952045,0.06911443777270629
6541,0,0,0.5631631616573213,0.180482733395763,0.25635410494691563
6542,2,2,0.2002164242657063,0.26783885667885315,0.5319447190554406
6543,2,2,0.04252168095542188,0.04966630874808303,0.9078120102964952
6544,2,2,0.10697449639368156,0.4098485867260955,0.4831769168802229
6545,0,2,0.15739376067574912,0.1463259596594212,0.6962802796648297
6546,0,2,0.16707635582766245,0.20453743493740853,0.6283862092349289
6547,2,1,0.36417956757869535,0.44403641194592475,0.1917840204753799
6548,0,0,0.5158317400659587,0.3709075478920028,0.1132607120420385
6549,2,1,0.0240534660919767,0.6416785483884748,0.33426798551954856
6550,1,1,0.27804964587387937,0.4369716416414639,0.28497871248465667
6551,1,2,0.21726977278934737,0.18396622244909666,0.5987640047615559
6552,2,0,0.562145872112949,0.1161333479124626,0.3217207799745884
6553,2,2,0.058861378474083174,0.05561287164587686,0.88552574988004
6554,2,2,0.026831644869312648,0.1179813149320292,0.8551870401986581
6555,1,2,0.19413799995463404,0.12502082577037774,0.6808411742749881
6556,1,2,0.38202508025686954,0.2069652366825559,0.4110096830605746
6557,2,2,0.19338466173775726,0.25098171674436476,0.555633621517878
6558,0,0,0.38673277994849115,0.3403434016017394,0.27292381844976943
6559,1,0,0.48060988653720565,0.2476291468731386,0.27176096658965576
6560,2,2,0.1094014824946502,0.18242989714303823,0.7081686203623115
6561,1,2,0.1795627609416315,0.1049771899217904,0.715460049136578
6562,0,2,0.16427697879266756,0.2110074346368105,0.624715586570522
6563,2,2,0.03497391493277592,0.10978258544123864,0.8552434996259854
6564,1,0,0.36496988483738374,0.29926278590264577,0.33576732925997055
6565,2,2,0.29179230590933125,0.29989958983180787,0.4083081042588609
6566,1,0,0.8089142452222077,0.11321911774715358,0.07786663703063877
6567,2,2,0.03634458757822565,0.052889965536561605,0.9107654468852127
6568,1,1,0.3715129427225748,0.45180252474088,0.1766845325365452
6569,2,2,0.04752377971326952,0.37629252578306904,0.5761836945036614
6570,0,0,0.6496542486761818,0.10972239233569454,0.2406233589881236
6571,2,2,0.016610094859409653,0.022159662748126484,0.9612302423924638
6572,0,0,0.8134902716943295,0.18344159214187572,0.0030681361637946865
6573,2,2,0.3115733504115475,0.16523353891368786,0.5231931106747647
6574,2,0,0.4150854078802862,0.2996022658291911,0.28531232629052267
6575,0,2,0.03783857054668738,0.0917040990480277,0.8704573304052848
6576,2,2,0.23196004884622384,0.19381604925336787,0.5742239019004082
6577,0,2,0.3176845402786762,0.189676478064491,0.49263898165683273
6578,2,2,0.08920556658894387,0.2613814687934041,0.6494129646176521
6579,1,2,0.12691448426544727,0.21330676924045155,0.6597787464941012
6580,2,2,0.1291597627664177,0.14497907171499383,0.7258611655185885
6581,0,2,0.093699422754998,0.12654483863724403,0.779755738607758
6582,1,2,0.2384368758300087,0.25603515666315135,0.5055279675068399
6583,0,2,0.19172190862569205,0.18730221741381714,0.6209758739604908
6584,0,0,0.9195403682134689,0.05405210935153874,0.02640752243499258
6585,1,2,0.2299095443165656,0.23475314439940947,0.5353373112840248
6586,0,1,0.17596040010221478,0.7238775899508378,0.1001620099469474
6587,1,2,0.08834773720065422,0.06542980529027058,0.8462224575090752
6588,2,2,0.24354057361122447,0.2530440635913165,0.5034153627974589
6589,2,2,0.2559842157243711,0.26580687086802396,0.47820891340760485
6590,2,2,0.3903253228439283,0.13300771862037897,0.47666695853569274
6591,1,2,0.0736122383160815,0.21236239821526742,0.714025363468651
6592,1,2,0.04878753386243014,0.21416520722090243,0.7370472589166674
6593,2,2,0.0686460962823268,0.21684271766019042,0.7145111860574829
6594,0,2,0.15812560109487164,0.31795524466009845,0.5239191542450299
6595,0,0,0.5581332533171642,0.2542198533402212,0.18764689334261458
6596,0,2,0.31256327761902297,0.19779411533541782,0.4896426070455592
6597,2,0,0.48251329778537777,0.3230976631736561,0.19438903904096608
6598,2,2,0.2895812920545166,0.17010240372923408,0.5403163042162493
6599,0,1,0.3775563565206387,0.4444762125781812,0.1779674309011802
6600,2,2,0.0013785311054589017,0.018846545050283287,0.9797749238442579
6601,2,2,0.07397630412659809,0.36639083886061097,0.559632857012791
6602,0,0,0.5796233610617416,0.17754776150745588,0.24282887743080253
6603,1,2,0.1674992684410597,0.28470455827577185,0.5477961732831684
6604,2,2,0.06314317460603186,0.07487640029144843,0.8619804251025196
6605,2,2,0.032985190198936906,0.1433950605958369,0.8236197492052262
6606,0,1,0.2846112044917799,0.5309024955530193,0.1844862999552007
6607,2,2,0.12522659084624735,0.4234648851345906,0.4513085240191621
6608,0,1,0.36791965358973405,0.4398898382423951,0.19219050816787084
6609,0,0,0.3910041605990404,0.28789472166809527,0.3211011177328643
6610,0,0,0.6740034607521777,0.30459586995093213,0.02140066929689024
6611,0,0,0.7309673615955096,0.09080587943443473,0.17822675897005583
6612,1,2,0.2527737201838217,0.22274126753241538,0.524485012283763
6613,2,2,0.088722769880342,0.062034698055813485,0.8492425320638446
6614,0,2,0.14643196390736268,0.21435702019694675,0.6392110158956906
6615,2,2,0.06106450951462321,0.15973978538760955,0.7791957050977673
6616,2,2,0.08443597773967194,0.07736887171356202,0.8381951505467661
6617,2,1,0.28543513834456435,0.4135758158424459,0.30098904581298985
6618,2,2,0.12634675235924106,0.2347485370705811,0.6389047105701778
6619,0,2,0.04449460780408037,0.26396800914048024,0.6915373830554394
6620,1,2,0.10638874972747825,0.08379429574068732,0.8098169545318344
6621,0,1,0.3660779846205858,0.43327274373386515,0.20064927164554908
6622,2,2,0.07490741673770537,0.40303205933597375,0.5220605239263209
6623,2,2,0.2088395593232305,0.058425455245744884,0.7327349854310246
6624,2,2,0.05798157266394491,0.22897167566581159,0.7130467516702435
6625,0,0,0.6452174859467903,0.11330828360136845,0.24147423045184135
6626,2,2,0.16171342996567598,0.3144604747275542,0.5238260953067698
6627,2,1,0.2019338687715624,0.4494905003202354,0.34857563090820226
6628,2,2,0.12057394547509785,0.19365593709795076,0.6857701174269514
6629,0,2,0.050572273458317225,0.14884494884829583,0.8005827776933869
6630,1,2,0.00892956538303428,0.12495661200739482,0.8661138226095709
6631,2,0,0.5013117751852789,0.04317041392327213,0.45551781089144894
6632,1,2,0.06215972485512591,0.09593004151130928,0.8419102336335649
6633,1,1,0.2790063421507883,0.38653818408931173,0.3344554737598999
6634,2,2,0.1125440315506697,0.12161914668009591,0.7658368217692344
6635,1,2,0.20387270717176492,0.20625735462642086,0.5898699382018142
6636,0,1,0.09084138786745077,0.6072946439526964,0.3018639681798527
6637,0,0,0.44112663388781687,0.3776203063130052,0.1812530597991778
6638,0,2,0.1388517632714556,0.08287536431786406,0.7782728724106802
6639,0,0,0.4856919762071045,0.2641952505174789,0.25011277327541653
6640,2,2,0.023531826244361013,0.079260428691899,0.89720774506374
6641,0,0,0.37904525761612035,0.2783669602026845,0.34258778218119507
6642,2,0,0.42551129797083975,0.2831575452543092,0.29133115677485105
6643,1,0,0.4956274618743851,0.2380296914756152,0.26634284664999963
6644,1,0,0.401222606386802,0.362852384884616,0.23592500872858194
6645,1,2,0.3063545887307653,0.24538012442741683,0.44826528684181793
6646,2,2,0.00938849254911813,0.09296739474018337,0.8976441127106985
6647,1,0,0.8447110659144006,0.08878866802047657,0.06650026606512283
6648,2,0,0.6008605416495629,0.2381953880320509,0.1609440703183862
6649,2,2,0.06553164418853916,0.10808315843801289,0.826385197373448
6650,2,2,0.15354474725225697,0.14957051765880125,0.6968847350889418
6651,0,2,0.06473366912536851,0.37152332618662964,0.5637430046880019
6652,2,2,0.08573859377813577,0.20897148011061195,0.7052899261112523
6653,1,0,0.5054929711106666,0.32188651064466717,0.17262051824466618
6654,0,0,0.4070565657220156,0.19461046302847199,0.3983329712495125
6655,0,0,0.531424784821838,0.08699680664558755,0.38157840853257446
6656,2,2,0.16000703997354532,0.09108979118791423,0.7489031688385405
6657,2,0,0.5652041982354841,0.15694670870298733,0.27784909306152866
6658,0,0,0.6992319090396666,0.07820465581693208,0.22256343514340143
6659,2,0,0.5687156673706842,0.14129972906922234,0.28998460356009337
6660,0,0,0.6008449037914343,0.2868445267861417,0.11231056942242405
6661,2,0,0.47141325249398874,0.07382232841902632,0.45476441908698495
6662,2,1,0.01534780253816257,0.6812008184513816,0.303451379010456
6663,0,2,0.2545816407739482,0.06838003922644834,0.6770383199996035
6664,2,2,0.060046118088834796,0.32031457874099306,0.6196393031701721
6665,0,0,0.6888072247859125,0.20428414635306655,0.10690862886102098
6666,0,0,0.5709197087875166,0.17145133971587717,0.25762895149660625
6667,2,1,0.13175183630948245,0.5470994959042494,0.32114866778626805
6668,2,2,0.25948616172605465,0.1021441693144209,0.6383696689595244
6669,2,2,0.00032653163919554965,0.055202444640300496,0.9444710237205038
6670,1,2,0.26428835446783566,0.09543403841588391,0.6402776071162805
6671,1,2,0.36675290527011817,0.2495358610506632,0.3837112336792186
6672,1,0,0.553954280334711,0.3431566164189328,0.10288910324635624
6673,2,2,0.059366121035768715,0.05713420257128923,0.8834996763929421
6674,0,2,0.15929111818734007,0.2712210726510948,0.5694878091615652
6675,1,1,0.19369983043324748,0.686087480874028,0.12021268869272456
6676,2,1,0.20534862577866725,0.5518153895803377,0.24283598464099493
6677,2,0,0.6725435782612794,0.2751966899345289,0.05225973180419178
6678,2,2,0.06356055202494634,0.19732313316335376,0.7391163148116999
6679,2,0,0.42228244606106896,0.1595432705108351,0.4181742834280959
6680,2,1,0.3486690350531504,0.4433309797528723,0.2079999851939773
6681,2,2,0.1394991754203705,0.11776370005456407,0.7427371245250654
6682,0,2,0.24724978616133794,0.3673063594106293,0.38544385442803286
6683,0,0,0.6852496312132224,0.09300697482524131,0.22174339396153636
6684,2,1,0.2575001758762739,0.39640658543752433,0.3460932386862018
6685,2,2,0.013443746092424444,0.005645249747941588,0.980911004159634
6686,0,0,0.9007248554849654,0.07365419570332475,0.025620948811709756
6687,0,0,0.47098951780766585,0.19436547818503536,0.33464500400729874
6688,1,2,0.038418822589047066,0.274744746227273,0.6868364311836799
6689,1,0,0.36254305536622244,0.3197323558748913,0.31772458875888626
6690,2,2,0.09282828965333609,0.11034782797713184,0.7968238823695319
6691,0,2,0.18357255002089726,0.3049729169112201,0.5114545330678827
6692,1,2,0.0815710348465594,0.34666451939422815,0.5717644457592124
6693,2,2,0.044138722045966944,0.12847776840050304,0.8273835095535301
6694,2,2,0.3496908732794242,0.2214220946081015,0.4288870321124743
6695,2,2,0.004586223147861829,0.2591685818271478,0.7362451950249904
6696,1,2,0.0709936372686014,0.11646562683585396,0.8125407358955445
6697,2,2,0.35540025403591935,0.07097809432183028,0.5736216516422504
6698,0,2,0.14721744935858533,0.14640810732700127,0.7063744433144133
6699,2,0,0.569515578057447,0.2182810396026566,0.2122033823398965
6700,0,2,0.17696704658763865,0.2003564707073434,0.622676482705018
6701,0,0,0.6413915934725953,0.3559647620485942,0.0026436444788104506
6702,0,2,0.1722830725530078,0.3553726745607594,0.47234425288623283
6703,0,0,0.9268499507612178,0.06197788549801658,0.011172163740765533
6704,0,1,0.11671102296051926,0.47016503785920466,0.41312393918027596
6705,0,0,0.5242183575267738,0.22121076712030602,0.2545708753529203
6706,2,1,0.15107351679831563,0.4710679467918876,0.37785853640979683
6707,1,2,0.31511819692637477,0.3148319002809707,0.37004990279265443
6708,2,2,0.038752378713667886,0.02517511321913704,0.936072508067195
6709,2,2,0.278718251287873,0.29422695980743546,0.42705478890469145
6710,2,0,0.7419943992872902,0.16084584089627305,0.09715975981643689
6711,2,2,0.017523826089580658,0.03470020718308501,0.9477759667273342
