,Outcome,Prediction,ProbA,ProbD,ProbH
6120,0,2,0.009464529142472866,0.01709609486357556,0.9734393759939516
6121,0,2,0.3409540621256187,0.1885427462841331,0.47050319159024817
6122,1,0,0.49692953775708504,0.2416371164108123,0.2614333458321027
6123,1,0,0.8542848313605971,0.12611674218478564,0.019598426454617214
6124,2,2,0.008007921465494398,0.024461104459850974,0.9675309740746546
6125,0,2,0.0002590256384921904,0.25787010790929543,0.7418708664522123
6126,1,2,0.07832484836120403,0.1698525839599173,0.7518225676788786
6127,0,2,0.22996744052779206,0.21140215134259704,0.5586304081296108
6128,2,2,0.031814647175194166,0.10199449816589716,0.8661908546589087
6129,2,2,0.0002499328783121089,0.0006696198090879314,0.9990804473126
6130,0,2,0.07854070973109713,0.3372639042380878,0.5841953860308151
6131,2,2,0.009347623147567055,0.2646532698141665,0.7259991070382664
6132,0,0,0.5215553678169158,0.17293674862678343,0.30550788355630065
6133,1,0,0.44574640532571264,0.20212097489699912,0.35213261977728827
6134,1,0,0.702562110300098,0.15235721753872825,0.14508067216117373
6135,0,0,0.5650796659014142,0.006250943019087861,0.42866939107949786
6136,2,2,0.10352501494356751,0.161046027223089,0.7354289578333435
6137,2,2,0.023721438274754102,0.054134010288060384,0.9221445514371855
6138,2,2,0.04387328570877494,0.44106020990009687,0.5150665043911282
6139,0,2,2.5619319196570634e-07,0.07471693259807277,0.9252828112087352
6140,0,0,0.6561448694455322,0.14320736603206263,0.20064776452240515
6141,2,0,0.9243178580963572,0.026491710458190695,0.04919043144545193
6142,0,0,0.5043024594855332,0.26263292512229447,0.2330646153921723
6143,1,0,0.9999685010159094,7.351728792310291e-06,2.4147255298125445e-05
6144,1,2,0.09701619588106887,0.12825771676897083,0.7747260873499603
6145,1,2,0.2426943475333715,0.10441389314381642,0.6528917593228121
6146,0,0,0.5917808669467672,0.23131929296197357,0.17689984009125923
6147,2,2,0.15454209572094674,0.34578962578843353,0.4996682784906197
6148,1,2,0.35375551035013353,0.25791020087988936,0.38833428876997705
6149,1,2,0.0002770568887536218,0.06463368258526463,0.9350892605259817
6150,0,0,0.9656160409596949,0.029841906208776622,0.004542052831528499
6151,0,2,0.02885617020847947,0.08250932882032026,0.8886345009712002
6152,1,2,2.1807507708212534e-06,0.13318504993280514,0.8668127693164239
6153,0,1,0.37900024156968437,0.3817559891586439,0.2392437692716717
6154,1,0,0.7159944948654055,0.20845696103495576,0.07554854409963892
6155,0,2,0.13399959971459552,0.1980527883825471,0.6679476119028573
6156,2,2,0.03598730149461126,0.11141160897931474,0.8526010895260739
6157,2,2,0.32033573566581003,0.32581837311124523,0.35384589122294474
6158,0,0,0.6582331406918078,0.33419380337672094,0.0075730559314713085
6159,2,2,0.3466905131866567,0.20996387156137739,0.4433456152519659
6160,0,0,0.6682491354587926,0.14759093755144906,0.1841599269897585
6161,0,0,0.917192484885628,0.02374577864691758,0.05906173646745459
6162,2,2,0.001390395292498194,0.38123241566488786,0.6173771890426138
6163,2,0,0.6963301992200464,0.20110255234021984,0.10256724843973371
6164,2,2,0.31901235831500874,0.18988425066982978,0.49110339101516143
6165,2,2,0.018280250938078092,0.06615199424209646,0.9155677548198256
6166,2,2,0.16221614632233894,0.3397750437219031,0.49800880995575797
6167,2,2,0.002471046524912922,0.1134397635179061,0.8840891899571809
6168,2,2,0.1566622172217882,0.10159023413528695,0.7417475486429249
6169,2,2,0.0006780300950290813,0.039810576738852785,0.959511393166118
6170,0,2,0.003317543919082054,0.4406643316458562,0.5560181244350617
6171,0,2,0.053787439107926036,0.23387358155891988,0.712338979333154
6172,2,2,3.831170830825532e-08,2.8960822958427525e-09,0.9999999587922094
6173,2,2,0.1423523988104998,0.2712884970656648,0.5863591041238355
6174,2,2,0.005569705444563974,0.05286546025682515,0.9415648342986108
6175,2,2,0.045820858996717215,0.2439104752023254,0.7102686658009574
6176,1,0,0.42843155888440465,0.17334224469067958,0.3982261964249158
6177,1,0,0.3940955285742112,0.2826331986607001,0.3232712727650887
6178,0,0,0.5411960954914077,0.16137255729466266,0.29743134721392966
6179,1,2,0.19893330774394888,0.20481804782766663,0.5962486444283845
6180,2,2,0.009101177523894008,0.05677555464912082,0.9341232678269852
6181,2,2,0.003634549940210409,0.051944580240672146,0.9444208698191174
6182,0,2,0.2329093911624242,0.09371291491239474,0.673377693925181
6183,2,0,0.4455690865065274,0.3310955982125801,0.22333531528089257
6184,0,1,0.1654492707130394,0.5330967437207685,0.3014539855661922
6185,2,2,0.010584338610241856,0.077079788469744,0.9123358729200141
6186,1,0,0.9989706827883895,6.005168045984841e-05,0.0009692655311505815
6187,0,2,0.019291771976893076,0.0701416606936641,0.9105665673294427
6188,2,2,0.01942403403925046,0.3674712983212383,0.6131046676395112
6189,0,0,0.43504009210682737,0.4214145448564666,0.14354536303670595
6190,2,2,0.11147986161210144,0.13232850747590272,0.7561916309119959
6191,2,2,0.008873239089951994,0.0711971051499971,0.9199296557600508
6192,2,2,0.10935516469411734,0.19370817156229606,0.6969366637435866
6193,2,2,0.015349828226713127,0.31137300645366095,0.6732771653196259
6194,2,2,1.1017735331785643e-15,4.749378726580331e-08,0.9999999525062115
6195,2,2,0.21119325573562114,0.31832092398876727,0.4704858202756117
6196,2,2,0.05547212587255006,0.11674498813978422,0.8277828859876658
6197,0,0,0.5509153484485895,0.2712383495240769,0.17784630202733365
6198,2,0,0.42026589817264043,0.3183054787392464,0.26142862308811304
6199,2,2,0.003582159239382848,0.035742148579876495,0.9606756921807406
6200,1,0,0.824847830829582,0.04690582506575685,0.12824634410466104
6201,0,2,0.004825661783120094,0.3815795077376249,0.6135948304792549
6202,0,0,0.9888655252354525,0.011102115772275739,3.23589922715896e-05
6203,0,2,0.28076198247766837,0.3056263904503359,0.41361162707199584
6204,2,1,0.27275351756110844,0.3935734869875986,0.33367299545129303
6205,0,2,0.2855751146822257,0.23032968504501133,0.48409520027276287
6206,2,2,0.2565440738175276,0.2513838397866759,0.49207208639579664
6207,2,2,0.33572361791334737,0.23776372221625897,0.42651265987039355
6208,2,2,0.11067679195869154,0.12231409890758016,0.7670091091337283
6209,1,2,0.08015248313678165,0.09841764735837807,0.8214298695048403
6210,2,0,0.7386897490547171,0.09183035674918597,0.16947989419609708
6211,2,2,1.4823294645423872e-05,0.041158079129740975,0.9588270975756136
6212,2,0,0.6274418815819511,0.1536836476361454,0.21887447078190347
6213,0,2,0.16673204745116482,0.291622881556949,0.5416450709918863
6214,2,2,0.08490028648057338,0.25050947466962264,0.664590238849804
6215,1,2,0.198958013295005,0.1375998670489399,0.663442119656055
6216,0,2,0.023774684294576486,0.08053013558184369,0.8956951801235798
6217,0,0,0.43004687448271994,0.37799538072231426,0.1919577447949658
6218,2,2,0.1147493253330193,0.17913913867168976,0.7061115359952909
6219,0,0,0.7887623342242167,0.1569158905668434,0.05432177520893976
6220,2,2,0.2413791745989871,0.06345491677150904,0.6951659086295039
6221,1,0,0.8743512455316887,0.11231837888364253,0.013330375584668817
6222,2,2,0.13613400091805222,0.1756532932077608,0.6882127058741869
6223,2,2,0.33475800178165666,0.1990017598732848,0.4662402383450585
6224,2,2,0.0052740072699900414,0.07490786166921384,0.9198181310607962
6225,2,2,0.09827266012210854,0.2383777622398394,0.663349577638052
6226,0,2,0.3389503388198977,0.28800203289638066,0.3730476282837216
6227,1,2,0.3154660010352071,0.04469503068245676,0.6398389682823361
6228,0,2,0.2231877227266285,0.22223494389645165,0.5545773333769197
6229,2,2,5.1989333836926144e-08,0.05140520386464195,0.9485947441460243
6230,2,0,0.5416052969026621,0.2520065153554555,0.2063881877418824
6231,2,2,0.03292188166454436,0.12575273135599377,0.8413253869794619
6232,2,2,0.06895884422801014,0.09004130729764927,0.8409998484743406
6233,2,0,0.9115646171894715,0.08464790654469709,0.00378747626583157
6234,2,0,0.7415090834129119,0.11264102192605724,0.145849894661031
6235,2,2,0.028632996521014014,0.1486833329723233,0.8226836705066627
6236,2,2,0.1276536456584133,0.22900267808652403,0.6433436762550626
6237,0,2,0.2899049431249774,0.16587907332441978,0.5442159835506029
6238,2,2,0.020743830781153896,0.08795653373026213,0.8912996354885839
6239,2,2,0.1781393777183181,0.18038449127726378,0.6414761310044182
6240,1,2,0.043036035729832514,0.0026113842820595797,0.9543525799881079
6241,1,0,0.3533290905036958,0.29862970531666094,0.34804120417964324
6242,2,2,0.0033722347491175002,0.16259403015763416,0.8340337350932482
6243,1,0,0.9999928393111976,3.3738021752333247e-06,3.7868866271876208e-06
6244,2,2,0.010257223058884896,0.013177074099078428,0.9765657028420368
6245,2,2,0.010996021185148802,0.1969764320048534,0.7920275468099979
6246,2,2,0.35624032215407025,0.10297112468318727,0.5407885531627424
6247,2,2,6.5980536434398815e-09,0.01965191299750325,0.9803480804044431
6248,2,0,0.5089072690360941,0.19813882389521423,0.2929539070686918
6249,2,2,0.16355429854189613,0.17142997641715055,0.6650157250409533
6250,0,0,0.8419783029979042,0.15651960200245146,0.0015020949996442728
6251,0,2,0.008442708738609,0.040751731936106844,0.9508055593252841
6252,2,2,0.021589537995863165,0.09556230810569066,0.8828481538984462
6253,2,2,0.024207542873556486,0.2712453593289765,0.7045470977974672
6254,1,0,0.7115460382095763,0.18526839369826825,0.10318556809215548
6255,0,2,0.00269521026835155,0.15932317926315026,0.8379816104684982
6256,1,2,0.007984519498006588,0.28898558933771434,0.703029891164279
6257,2,2,0.0054574992827281805,0.026852412202341035,0.9676900885149308
6258,2,1,0.26342789538061945,0.5069904439035275,0.22958166071585304
6259,0,0,0.4970344570650289,0.242504905877742,0.26046063705722905
6260,1,2,0.278532761516536,0.3085717175830387,0.41289552090042536
6261,0,2,0.24427581460162623,0.28715383643375575,0.46857034896461797
6262,0,0,0.9992243330926184,0.000604652531803251,0.0001710143755783005
6263,1,2,0.019354691938260858,0.08908512362321137,0.8915601844385277
6264,0,2,0.0017357243301487756,0.019728080782965413,0.9785361948868858
6265,1,2,0.2961243440483024,0.14625012731367285,0.5576255286380248
6266,2,2,0.018961945107704218,0.0019682188968263964,0.9790698359954694
6267,0,2,0.15659811655091158,0.3147403558082843,0.5286615276408041
6268,0,2,0.0031494124111371763,0.06316123784278932,0.9336893497460735
6269,2,2,0.0022069057534013573,0.17786708944157842,0.8199260048050203
6270,2,2,0.18675337784861487,0.19847319949852432,0.6147734226528608
6271,2,0,0.38527238942291053,0.3261207743558337,0.28860683622125566
6272,0,2,0.24175279779342057,0.24466939466777377,0.5135778075388057
6273,2,1,8.73095214314762e-06,0.9999342030630088,5.706598484804685e-05
6274,1,0,0.5720232715719821,0.12899493621386135,0.29898179221415677
6275,2,2,0.011657018577181884,0.08669212954784039,0.9016508518749777
6276,2,2,0.37306228683344117,0.0303214948173453,0.5966162183492135
6277,1,0,0.43327611560382434,0.1770870258623072,0.38963685853386854
6278,2,2,0.020398807130570146,0.09205616010240047,0.8875450327670295
6279,2,2,0.13171158279030082,0.3267677306144309,0.5415206865952683
6280,0,2,0.23916995425257118,0.24794293945215645,0.5128871062952723
6281,2,2,0.035086167468571815,0.15239898278909286,0.8125148497423355
6282,1,2,0.1887644950477742,0.28764823070460194,0.5235872742476239
6283,0,0,0.5136073344302131,0.2205293668077728,0.2658632987620141
6284,2,2,0.0001763374279272936,0.374239249956751,0.6255844126153217
6285,1,0,0.5235563761749173,0.38926181815280847,0.08718180567227435
6286,0,2,0.008168421628180354,0.14382539481930728,0.8480061835525122
6287,1,0,0.6314009193589052,0.11955731961480232,0.24904176102629255
6288,2,2,0.0001149125679719092,0.04659736511393552,0.9532877223180926
6289,2,2,0.32956442976006667,0.23227322622609328,0.43816234401384
6290,2,2,0.009395503731743257,0.07867099537434892,0.9119335008939077
6291,2,2,0.09268236940175448,0.17033078186819361,0.7369868487300519
6292,0,0,0.6988529902834201,0.09591153993049499,0.20523546978608487
6293,0,0,0.39760826507377334,0.2791115131820812,0.32328022174414545
6294,0,0,0.8652270568601418,0.022174690600241447,0.11259825253961685
6295,1,2,3.282406224786747e-10,1.1498055115451902e-07,0.9999998846912082
6296,1,1,0.04493531620671381,0.6175463551159518,0.3375183286773343
6297,2,0,0.7053063019860515,0.13785890588885302,0.15683479212509557
6298,1,2,0.19916620283656544,0.20468657871444368,0.5961472184489909
6299,1,2,0.00672395048447254,0.030824665431632446,0.962451384083895
6300,2,2,0.22159273322800627,0.21896552257330865,0.5594417441986851
6301,1,2,0.29316708013747345,0.16742085433099002,0.5394120655315365
6302,2,2,0.006309513098566256,0.24820216359017921,0.7454883233112545
6303,2,0,0.9999981518474867,2.518009284528747e-13,1.8481522615948677e-06
6304,2,2,0.2656941158014852,0.17557939363408112,0.5587264905644337
6305,2,0,0.5334615038101284,0.09693111630147004,0.3696073798884017
6306,2,1,0.019890807708659242,0.5787842019669306,0.40132499032441027
6307,1,2,0.21615019993722145,0.25432005704267957,0.529529743020099
6308,2,2,0.13541770374476908,0.11579531830049862,0.7487869779547324
6309,2,2,0.04574921442387648,0.14567546007519266,0.8085753255009309
6310,2,2,0.3137167215796367,0.26847055061782465,0.41781272780253875
6311,1,2,0.012305700243664647,0.08753096194765918,0.9001633378086763
6312,2,2,0.0019942865557021614,0.05805819539664832,0.9399475180476495
6313,1,0,0.9583752087170037,0.041107008152712156,0.0005177831302841712
6314,2,1,0.21987946560603316,0.6641206459420467,0.11599988845192018
6315,2,2,0.28816828220957214,0.31826921963891763,0.39356249815151023
6316,2,2,0.15277406336784713,0.188963453418573,0.6582624832135799
6317,2,2,0.27978575833767755,0.01664157652236757,0.7035726651399549
6318,0,0,0.4326755731158521,0.27586708213984523,0.2914573447443026
6319,1,0,0.8855972779023683,0.09722723017012062,0.01717549192751113
6320,2,1,0.001116304267204255,0.7268325053245392,0.2720511904082564
6321,2,2,0.008082118302317127,0.04042871812461248,0.9514891635730703
6322,0,1,0.16756078452746495,0.5770576278198661,0.25538158765266883
6323,1,0,0.5988381436669308,0.1301936102472023,0.27096824608586684
6324,0,2,0.3415509143452936,0.30397432547173003,0.35447476018297636
6325,0,0,0.9999999999921514,7.1362955562568625e-12,7.122256647233907e-13
6326,2,0,0.9627213914137813,0.004849812599933261,0.03242879598628543
6327,2,2,0.04524749886231267,0.06321948776974523,0.8915330133679422
6328,1,2,0.14604987426700644,0.21972031760484853,0.6342298081281451
6329,0,2,0.04711233486175344,0.17178321927986373,0.7811044458583827
6330,2,2,0.034905462968882806,0.3166219570898257,0.6484725799412915
6331,2,2,0.06155791891888061,0.18498432520709296,0.7534577558740264
6332,0,1,0.29518659538354936,0.4551838178551673,0.24962958676128333
6333,2,0,0.7340458933551505,0.09965334119623549,0.16630076544861394
6334,2,2,0.1336000348332218,0.09177187611648263,0.7746280890502955
6335,1,2,0.21830369138814007,0.1665236363570511,0.6151726722548088
6336,1,2,0.34223615567684407,0.2841707806420566,0.3735930636810994
6337,2,2,0.23156801220404505,0.19268815846843565,0.5757438293275193
6338,0,2,0.2097879966045275,0.20886755279172875,0.5813444506037437
6339,2,0,0.8016671892214766,0.031132866710234974,0.16719994406828856
6340,1,2,0.10955196019411159,0.20286493312190954,0.6875831066839789
6341,2,2,0.04497238836008901,0.01296092547939099,0.9420666861605199
6342,0,2,0.0940794872652998,0.1273052619051451,0.7786152508295551
6343,1,0,0.561374460300468,0.2625299676772643,0.17609557202226772
6344,2,2,0.10621239039420186,0.15076229862804744,0.7430253109777507
6345,2,2,0.16596728780731684,0.3496833789316911,0.484349333260992
6346,2,2,0.2585301033485416,0.28467320212711983,0.4567966945243385
6347,0,0,0.862651976211272,0.094957704844748,0.04239031894398016
6348,2,2,0.0007183363598064262,0.1145059623685716,0.8847757012716221
6349,2,2,6.529131714640103e-05,0.2521680016529438,0.7477667070299099
6350,2,2,0.006988347262104651,0.16325992585287072,0.8297517268850246
6351,0,0,0.6082515343754767,0.17418078337821458,0.21756768224630876
6352,2,2,0.09057616700458589,0.30860589451238435,0.6008179384830298
6353,0,0,0.40844210392456115,0.31603314486270095,0.27552475121273795
6354,2,2,0.18469586931154713,0.28661608705853836,0.5286880436299144
6355,0,0,0.9969961457883362,0.001140362870218958,0.001863491341444852
6356,2,2,0.20632552663870116,0.1528001109207349,0.640874362440564
6357,0,0,0.897096719213649,0.04475546672306444,0.05814781406328662
6358,0,0,0.42206862822921076,0.34726567555650534,0.23066569621428382
6359,0,2,0.13194054790179052,0.3252627555974742,0.5427966965007354
6360,1,2,0.20812162764919914,0.30773576965650906,0.48414260269429177
6361,1,2,0.030402636006920603,0.1486962607095207,0.8209011032835587
6362,2,2,0.015347390575518368,0.2343522084076279,0.7503004010168538
6363,2,2,0.0950747041026354,0.25867897181543165,0.6462463240819329
6364,0,2,0.21257857430832472,0.16697716954955638,0.620444256142119
6365,0,0,0.5615578738240568,0.07626629159642244,0.3621758345795209
6366,1,2,0.11243574717519915,0.11459761917296596,0.7729666336518348
6367,2,2,0.183555187025544,0.18467730278918496,0.631767510185271
6368,2,2,0.02902447983223734,0.12103925465106517,0.8499362655166975
6369,2,2,0.2273157561209871,0.28937008057583163,0.4833141633031814
6370,2,2,0.148950427535368,0.30571368298866347,0.5453358894759686
6371,1,0,0.6913046574735507,0.23575773039866227,0.07293761212778704
6372,2,2,0.02451479356415718,0.12832078090698779,0.847164425528855
6373,2,2,0.06920455367053928,0.10207477140697256,0.8287206749224881
6374,2,2,0.14298026156093918,0.09092145010730454,0.7660982883317563
6375,2,2,0.07681332535808856,0.20740981620528598,0.7157768584366254
6376,1,0,0.9154070695519532,0.03781126749785466,0.04678166295019209
6377,1,0,0.49913264204059454,0.31303414988274814,0.1878332080766574
6378,1,2,0.12471935545582913,0.267033752835636,0.6082468917085349
6379,2,2,0.0677535909781513,0.18622838151914273,0.7460180275027058
6380,0,0,0.47903537531915585,0.2241237190263248,0.2968409056545193
6381,1,0,0.47545082976087766,0.15823552506355376,0.3663136451755687
6382,2,0,0.5417758465966125,0.2279979048054129,0.2302262485979746
6383,1,0,0.8434719564748173,0.042329965851384176,0.11419807767379853
6384,0,0,0.5131854662613263,0.2459765962684074,0.2408379374702663
6385,2,2,0.01506778965988347,0.09663504239153525,0.8882971679485813
6386,0,2,0.28167261110190356,0.20160654985177956,0.5167208390463169
6387,1,2,0.009582055109631706,0.10289383336077039,0.887524111529598
6388,0,2,0.061559849152381774,0.22591821612147336,0.7125219347261449
6389,1,2,0.015601740277389657,0.09361102574630094,0.8907872339763093
6390,2,2,0.010488830476750768,0.22934282287368515,0.760168346649564
6391,0,0,0.404736554292934,0.2615182907891903,0.33374515491787565
6392,1,2,0.17702046525539306,0.2775636141512003,0.5454159205934067
6393,0,1,0.4049379529163316,0.4159112241557457,0.17915082292792267
6394,1,1,0.3100499986192741,0.533821541011953,0.15612846036877287
6395,1,0,0.7145753572191976,0.08821377049260248,0.19721087228819997
6396,0,0,0.7614514136559767,0.07985110665991388,0.15869747968410952
6397,2,2,0.05133361840798951,0.16847654830896408,0.7801898332830465
6398,1,1,0.13712959836400254,0.4616539167049033,0.4012164849310942
6399,2,0,0.5751368643236884,0.34753252064934953,0.07733061502696224
6400,0,0,0.6343215196415873,0.23074026326003463,0.13493821709837803
6401,1,2,0.29420095276949065,0.09688274285952408,0.6089163043709853
6402,2,1,0.3702358254926748,0.37813810937101505,0.25162606513631014
6403,1,0,0.502121484588059,0.14496164050039057,0.3529168749115504
6404,1,0,0.5398537957881346,0.22602959891592067,0.23411660529594464
6405,2,2,0.12330344303903687,0.29038711814856855,0.5863094388123946
6406,2,2,0.007354324760712749,0.06641661163910415,0.9262290636001832
6407,2,2,0.026784982366727637,0.143498560477562,0.8297164571557104
6408,0,0,0.4217091796266979,0.271120648692809,0.30717017168049315
6409,2,2,0.23736041446825396,0.26213591391929336,0.5005036716124527
6410,0,0,0.8223925111120547,0.07394330030512473,0.10366418858282053
6411,0,2,0.009360627369103139,0.03656199508095917,0.9540773775499376
6412,2,2,0.01688444211647174,0.0694444837679467,0.9136710741155817
6413,2,2,0.15179395548281155,0.14353957745218796,0.7046664670650005
6414,1,0,0.8768399871026037,0.07191710378237627,0.05124290911502003
6415,0,0,0.3640174210586936,0.3332658504204794,0.30271672852082704
6416,2,2,0.14152164597031258,0.21217254111595574,0.6463058129137317
6417,0,0,0.927064665820432,0.022337721079624947,0.050597613099943047
6418,0,0,0.37175152599090483,0.308882230090291,0.3193662439188042
6419,2,2,0.10955972205784588,0.12618464300272716,0.764255634939427
6420,2,1,0.39730048063112644,0.4804097398322641,0.12228977953660951
6421,0,0,0.5410997861081946,0.25136527287610816,0.20753494101569714
6422,2,2,0.07735835414579893,0.11407800365749617,0.8085636421967048
6423,2,2,0.011752834917271197,0.09136358166978074,0.896883583412948
6424,1,2,0.3286711561847644,0.32228950397823647,0.3490393398369992
6425,1,2,0.16665090830421928,0.37420738303602324,0.45914170865975734
6426,2,2,0.025087693516067433,0.08537427659690881,0.8895380298870237
6427,0,0,0.7366238716009716,0.16164174523054256,0.10173438316848595
6428,2,2,0.0942392076100962,0.09233146995955284,0.813429322430351
6429,1,0,0.5117489776046481,0.22892802508127247,0.2593229973140795
6430,1,0,0.9931012911414919,0.004301100003357792,0.0025976088551502535
6431,2,1,0.29452971565514957,0.4887523647472309,0.21671791959761946
6432,0,2,0.24243347119357683,0.18307773587845388,0.5744887929279693
6433,0,0,0.9043626243947062,0.05636288264163054,0.039274492963663185
6434,1,0,0.563114306138498,0.039241345574735145,0.3976443482867669
6435,1,2,0.1183548837451955,0.24209581901686625,0.6395492972379382
6436,2,1,0.3410950164728992,0.40665643667647444,0.2522485468506263
6437,1,2,0.1728601292940386,0.11183126058380981,0.7153086101221515
6438,2,2,0.1761979360618917,0.3171604731201225,0.5066415908179858
6439,0,0,0.4874860269795317,0.2822242408375188,0.2302897321829496
6440,2,2,0.0009092734471698945,0.03377672434616115,0.9653140022066691
6441,2,0,0.9004132272573907,0.04479931145215889,0.05478746129045056
6442,2,0,0.98104390601874,0.012831864058637867,0.006124229922622237
6443,2,1,0.1898530887038375,0.43302586628741313,0.37712104500874943
6444,0,2,0.016596464719389494,0.10301269032783146,0.8803908449527791
6445,2,1,0.29402477440430314,0.39129614994485595,0.31467907565084097
6446,1,2,0.07344553476044675,0.08708783847511377,0.8394666267644395
6447,0,2,0.04992983137851111,0.1473219798343809,0.802748188787108
6448,1,2,0.050338206659156476,0.18787977686997478,0.7617820164708687
6449,1,0,0.5631435631501703,0.23593817680875312,0.20091826004107669
6450,0,2,0.05802325906624061,0.2149928259971323,0.7269839149366271
6451,2,2,0.11083691651202192,0.2270890475852725,0.6620740359027056
6452,1,0,0.9995432573150715,0.0003698458644587326,8.689682046954112e-05
6453,2,2,0.012621709557929368,0.11270578630182293,0.8746725041402478
6454,1,1,0.12966124301129187,0.5097416224546503,0.3605971345340578
6455,0,0,0.5610023210967466,0.12232956001909728,0.316668118884156
6456,0,2,0.02137038317898394,0.1649388862185583,0.8136907306024578
6457,2,2,0.06260923931336015,0.07628317483495546,0.8611075858516845
6458,0,0,0.470394297373026,0.20044633349512903,0.3291593691318449
6459,1,2,0.3703189120625599,0.2288096419970307,0.40087144594040935
6460,0,2,0.3604339929495769,0.06259373810445111,0.576972268945972
6461,0,2,0.20726443926621435,0.3450122092593628,0.4477233514744227
6462,0,0,0.9975037107831676,0.0024723850874511823,2.3904129381257556e-05
6463,1,2,0.16832410889197655,0.2964088337160927,0.5352670573919307
6464,2,2,0.2538693023610127,0.3385890241778919,0.4075416734610954
6465,0,0,0.6018031333946363,0.19863222068063374,0.19956464592472992
6466,0,2,0.16618454683657652,0.17474980235148063,0.6590656508119428
6467,2,2,0.16021804997088038,0.14032698740915722,0.6994549626199623
6468,2,0,0.9786924305305976,0.008173189083432739,0.013134380385969674
6469,0,0,0.9892095495108022,0.0059816683595111785,0.004808782129686414
6470,2,2,0.0028578427296039126,0.05630877896878013,0.9408333783016161
6471,0,2,0.32354170483296846,0.26174635750242947,0.414711937664602
6472,2,2,0.19188091368430302,0.13302337160107403,0.675095714714623
6473,1,0,0.618881435969909,0.23074520120494751,0.15037336282514352
6474,0,2,0.2636930195060977,0.2679629191156259,0.4683440613782764
6475,0,2,0.13168955321092587,0.19697477793561877,0.6713356688534554
6476,2,2,0.030104884491334572,0.35346699240469615,0.6164281231039692
6477,1,2,0.30762208989532625,0.25702593534060897,0.4353519747640648
6478,0,0,0.9958280766586322,0.000581273345282418,0.003590649996085543
6479,0,0,0.7400750918933012,0.16112649653887456,0.09879841156782407
6480,0,0,0.38388472339876273,0.3148751434971704,0.30124013310406683
6481,1,0,0.44303966681733026,0.32925470455167,0.22770562863099983
6482,1,2,0.11631131461442416,0.1765918162546289,0.7070968691309469
6483,0,0,0.7653723833013244,0.0881531420072866,0.14647447469138897
6484,0,0,0.5634690514516858,0.3737531375011545,0.06277781104715982
6485,2,2,0.257857091950713,0.28658594680820837,0.45555696124107864
6486,1,2,0.25487488094891564,0.16553633258843894,0.5795887864626454
6487,2,2,0.08654104525572155,0.24994758150175814,0.6635113732425203
6488,2,0,0.4101379935928805,0.3802153400689573,0.2096466663381622
6489,0,2,0.20453467533688743,0.1405658431637012,0.6548994814994112
6490,0,2,0.12656129063910496,0.2601293044744595,0.6133094048864356
6491,0,0,0.9694472022061119,0.01737556538054954,0.013177232413338527
6492,2,2,0.04883223168250057,0.15741807450009856,0.7937496938174008
6493,1,2,0.07580874500886477,0.28598370777512266,0.6382075472160125
6494,0,0,0.6338015611121942,0.11672209404505092,0.24947634484275494
6495,0,2,0.1315544428903472,0.17865202591809692,0.6897935311915557
6496,0,0,0.7959542781238149,0.04461834173105907,0.15942738014512606
6497,0,0,0.8946319683689717,0.04161855639422856,0.06374947523679979
6498,2,2,0.06668472076180729,0.14189027147891067,0.7914250077592819
6499,0,2,0.09553468145774752,0.17480464654761435,0.729660671994638
6500,2,2,0.10811948971359421,0.10863504063729758,0.7832454696491082
6501,1,1,0.34188462858546603,0.4980225220574087,0.16009284935712523
6502,1,2,0.09187966166796374,0.23377784975060664,0.6743424885814296
6503,1,2,0.19785326088911542,0.353697388727378,0.4484493503835066
6504,2,2,0.16155596679842896,0.1608018775023186,0.6776421556992525
6505,0,2,0.03013032551305295,0.1410706850613076,0.8287989894256393
6506,1,1,0.33841625045016954,0.35708938869247187,0.30449436085735865
6507,2,2,0.11011070107929073,0.2145484125999414,0.6753408863207679
6508,2,2,0.024806643432438436,0.08864976623255447,0.8865435903350071
6509,2,2,0.013360264697822564,0.34436266808974475,0.6422770672124327
6510,0,0,0.8218654686811546,0.12932758779658038,0.04880694352226512
6511,0,2,0.09221929063937044,0.2326192199923083,0.6751614893683212
6512,2,2,0.008022539424688679,0.1204278574110069,0.8715496031643044
6513,0,2,0.17296711878435753,0.12020492502653388,0.7068279561891087
6514,1,2,0.1127841366221421,0.23505267688277598,0.652163186495082
6515,0,0,0.9913452522868881,0.005857173777336871,0.0027975739357750163
6516,2,2,0.07688386211066774,0.21963609769469902,0.7034800401946333
6517,0,2,0.18566730285310862,0.12874317315546677,0.6855895239914245
6518,2,0,0.44620394334660113,0.2532574467122724,0.30053860994112636
6519,0,2,0.1957750527990787,0.16656543401902185,0.6376595131818994
6520,2,0,0.45431997935447066,0.19985927657977198,0.34582074406575736
6521,2,2,0.060731180778613406,0.0916426476641878,0.8476261715571988
6522,1,2,0.10230939059580522,0.2630056533140148,0.63468495609018
6523,2,2,0.22229628954775582,0.23916340463657815,0.538540305815666
6524,1,2,0.04961387143443123,0.1570729331888939,0.7933131953766749
6525,2,0,0.9164940776398951,0.039003483429231545,0.04450243893087346
6526,1,2,0.0855219549721976,0.22782591680862,0.6866521282191823
6527,1,2,0.0833400481307652,0.286157883662389,0.6305020682068458
6528,2,2,0.3319898136191468,0.1954033086919221,0.472606877688931
6529,2,1,0.37774958656218605,0.3903187466122565,0.2319316668255574
6530,0,0,0.3866631291617977,0.23147369748771607,0.3818631733504862
6531,1,2,0.03713091728509804,0.17414435963470234,0.7887247230801995
6532,0,0,0.8725645862672006,0.0663968258573481,0.0610385878754513
6533,0,0,0.918391054327308,0.04625961789987638,0.03534932777281563
6534,1,2,0.07703218788925029,0.24939742288607245,0.6735703892246773
6535,2,0,0.3754730643923927,0.25865259120811807,0.36587434439948924
6536,2,2,0.01616626223589903,0.09728096017568878,0.8865527775884122
6537,2,0,0.9895382066511244,0.009023536847941764,0.0014382565009339037
6538,2,2,0.06493387838387617,0.21372666977232901,0.7213394518437948
6539,0,2,0.06308204166948374,0.15380149795452053,0.7831164603759957
6540,1,0,0.49817752857876785,0.2697890619525468,0.2320334094686853
6541,0,0,0.5576349231365083,0.24518637832397167,0.19717869853951994
6542,2,2,0.18990058576689733,0.28253069693941685,0.5275687172936858
6543,2,2,0.144614703856648,0.12004628563836237,0.7353390105049896
6544,2,2,0.022469151209933525,0.10189056700549928,0.8756402817845671
6545,0,2,0.04911251754532563,0.2692690160919009,0.6816184663627735
6546,0,2,0.23503715598124936,0.2245099058940334,0.5404529381247173
6547,2,0,0.9914620714427517,0.006257667952221379,0.002280260605026932
6548,0,0,0.6199037492311699,0.15041782613119825,0.22967842463763183
6549,2,0,0.9742193973308421,0.010059805939607615,0.015720796729550204
6550,1,0,0.47401824050858105,0.143810429711978,0.3821713297794409
6551,1,2,0.1669463148335085,0.1811486888965379,0.6519049962699536
6552,2,0,0.6435416863178657,0.10118805528635835,0.25527025839577605
6553,2,2,0.10179146494184596,0.12489353675691753,0.7733149983012365
6554,2,2,0.002321949955717754,0.07178307544103295,0.9258949746032492
6555,1,2,0.03612602406731167,0.144570794054873,0.8193031818778154
6556,1,0,0.42590458728271113,0.2535441648434856,0.32055124787380335
6557,2,0,0.3369207931663599,0.3334338522173152,0.32964535461632494
6558,0,2,0.1632662109612341,0.3438586272221082,0.49287516181665775
6559,1,0,0.5033257188022007,0.07468738574166733,0.421986895456132
6560,2,2,0.025651437690960736,0.13975338000420515,0.8345951823048342
6561,1,2,0.2455863576573068,0.1838293439937805,0.5705842983489127
6562,0,2,0.17870592444907613,0.23210072471112905,0.5891933508397948
6563,2,1,0.33691241557224133,0.3626283228692321,0.30045926155852665
6564,1,2,0.28470066841674413,0.1942966513393076,0.5210026802439482
6565,2,2,0.3090263753252367,0.25709429189568794,0.4338793327790753
6566,1,0,0.9996558115093557,0.00029425335786895926,4.993513277554702e-05
6567,2,2,0.022743382455924995,0.08767129275514789,0.8895853247889272
6568,1,2,0.13743567837909218,0.3400353618554874,0.5225289597654205
6569,2,2,0.10338467403336578,0.29917618052633566,0.5974391454402986
6570,0,0,0.6903104382671347,0.13007052959429172,0.1796190321385736
6571,2,2,0.027313987152197974,0.1199229555238776,0.8527630573239245
6572,0,0,0.9790898280682316,0.020573688253804494,0.0003364836779639521
6573,2,2,0.06186890202456442,0.2120622484972322,0.7260688494782034
6574,2,2,0.28303559657466,0.3384795619350639,0.3784848414902762
6575,0,2,0.21867008963166976,0.29141699711401653,0.4899129132543136
6576,2,2,0.23943419381732992,0.3323006212778728,0.42826518490479726
6577,0,2,0.2178691201921113,0.25212727523890427,0.5300036045689844
6578,2,2,0.09495027775606994,0.13374106392450016,0.7713086583194299
6579,1,0,0.5643001571225221,0.3329642289923774,0.10273561388510058
6580,2,2,0.12927257921713312,0.1992411119106133,0.6714863088722537
6581,0,2,0.34041567410772877,0.2970037320183007,0.36258059387397057
6582,1,2,0.1888837897810481,0.1755841981430128,0.6355320120759391
6583,0,2,0.1964099031440662,0.2857586441951413,0.5178314526607926
6584,0,0,0.6613875314130075,0.1789253655385845,0.15968710304840802
6585,1,2,0.10127195990950628,0.25180361398901047,0.6469244261014834
6586,0,0,0.9028838646053754,0.07457126142775443,0.022544873966870303
6587,1,2,0.22916127725793245,0.32633229716962975,0.44450642557243775
6588,2,2,0.16740556020824005,0.2618891149011293,0.5707053248906306
6589,2,2,0.039575185973521804,0.17823410362153147,0.7821907104049468
6590,2,2,0.39432155323057655,0.19343043925238124,0.41224800751704227
6591,1,2,0.0882779134947182,0.3168508541039207,0.5948712324013611
6592,1,2,0.03037075221612006,0.247088904256878,0.7225403435270019
6593,2,2,0.019963972702122534,0.10165786511677302,0.8783781621811043
6594,0,2,0.3336177555356264,0.2385225980915657,0.42785964637280793
6595,0,2,0.3494653874763065,0.27623179037859086,0.37430282214510263
6596,0,0,0.5675938891727709,0.20472723438833018,0.22767887643889886
6597,2,2,0.055529567174120616,0.24881150995139817,0.6956589228744812
6598,2,2,0.05242255582371197,0.09096377080519895,0.8566136733710891
6599,0,2,0.18270968034479398,0.36365601942220027,0.45363430023300577
6600,2,2,0.023640675037300288,0.08030094315709117,0.8960583818056085
6601,2,0,0.9991957852126906,0.0007552592273832371,4.8955559926125235e-05
6602,0,0,0.6961643691362696,0.12041598579546087,0.1834196450682696
6603,1,2,0.06607381042904653,0.24021357728486983,0.6937126122860837
6604,2,2,0.24256161010682808,0.3202031481673645,0.43723524172580736
6605,2,2,0.0067055791954475875,0.10385077359621976,0.8894436472083326
6606,0,0,0.982419674805265,0.00995469413812035,0.007625631056614632
6607,2,2,0.25998845841627777,0.2722189523191885,0.4677925892645338
6608,0,2,0.26827997621427657,0.2865646664141254,0.4451553573715979
6609,0,2,0.26030211667945935,0.28286657232605616,0.45683131099448443
6610,0,0,0.6566121839635246,0.16728357247653605,0.17610424355993934
6611,0,0,0.6025564916684387,0.15559706118303818,0.241846447148523
6612,1,2,0.07599832741793984,0.10054588909807645,0.8234557834839836
6613,2,2,0.05740158164725491,0.1810763530523708,0.7615220653003743
6614,0,2,0.04747925837774221,0.16816726780939203,0.7843534738128657
6615,2,2,0.018940915420365526,0.08800061742438754,0.893058467155247
6616,2,2,0.07253495247512823,0.16064213456825038,0.7668229129566213
6617,2,0,0.9789474709135969,0.01266522955431717,0.008387299532085911
6618,2,2,0.11630009403206262,0.08189457083937014,0.8018053351285672
6619,0,0,0.5676260253439167,0.2395363030561236,0.1928376715999598
6620,1,2,0.21684064595899513,0.1172844877267562,0.6658748663142487
6621,0,2,0.11478770515932779,0.32967552904280867,0.5555367657978635
6622,2,2,0.0252558577288895,0.13622318862513488,0.8385209536459756
6623,2,0,0.7480388036994978,0.1472784781658038,0.10468271813469844
6624,2,2,0.04586087066496972,0.20502949091925857,0.7491096384157716
6625,0,0,0.5987710167147856,0.27974893376646326,0.12148004951875112
6626,2,2,0.09189918646878113,0.24704690943496582,0.6610539040962531
6627,2,0,0.38167534893856014,0.24032494609834762,0.3779997049630924
6628,2,2,0.1805011749130936,0.3520579376164102,0.46744088747049617
6629,0,2,0.029323826623748578,0.25363666629543613,0.7170395070808153
6630,1,2,0.05582625442605139,0.1633816550517603,0.7807920905221883
6631,2,0,0.42315167755794547,0.19067998231456507,0.3861683401274895
6632,1,2,0.10022943394972667,0.24775184168608702,0.6520187243641863
6633,1,2,0.14996753895474194,0.21265026751274047,0.6373821935325176
6634,2,2,0.03787618959804391,0.16403243896202,0.7980913714399361
6635,1,0,0.5544380198426001,0.16838876351261609,0.2771732166447838
6636,0,0,0.3994949212404977,0.2712862855924391,0.32921879316706326
6637,0,2,0.24785772241526074,0.16115119164883798,0.5909910859359012
6638,0,2,0.07990916520007967,0.25482474414434053,0.6652660906555797
6639,0,0,0.5903343659878525,0.25724504947451626,0.15242058453763127
6640,2,2,0.004241920297669666,0.07134651273256633,0.9244115669697639
6641,0,1,0.11996944993602711,0.4527058883445891,0.4273246617193838
6642,2,0,0.7440671493750859,0.0416931136406672,0.21423973698424686
6643,1,0,0.4992967779347164,0.30696741170656816,0.19373581035871543
6644,1,0,0.5233697837987326,0.2247251387148061,0.25190507748646135
6645,1,0,0.42009004782593606,0.3087478598985562,0.27116209227550764
6646,2,2,0.008151862290138732,0.0846704393364185,0.9071776983734426
6647,1,0,0.46181785672754316,0.1935235501058268,0.3446585931666301
6648,2,0,0.3686757593501853,0.27772816859476634,0.3535960720550484
6649,2,2,0.06701482781128257,0.14659374817678159,0.7863914240119358
6650,2,2,0.21376607529935474,0.131721756795674,0.6545121679049712
6651,0,2,0.014905579061842726,0.14135025776596408,0.8437441631721933
6652,2,2,0.22568820650236276,0.19117346813184605,0.5831383253657912
6653,1,0,0.35397014803323507,0.3266027744391381,0.3194270775276267
6654,0,0,0.36222715836524405,0.3580924319903568,0.27968040964439916
6655,0,0,0.43251670435962014,0.26305007286328824,0.3044332227770918
6656,2,2,0.07748886204165495,0.24736323902033702,0.675147898938008
6657,2,2,0.273105460732892,0.25715263309045777,0.46974190617665024
6658,0,0,0.6322256520925555,0.05371557783462221,0.3140587700728223
6659,2,2,0.20113704709556182,0.3363361711849163,0.46252678171952183
6660,0,0,0.4406336163163925,0.3795625233238454,0.17980386035976217
6661,2,1,0.00540956275478054,0.9366941197113742,0.05789631753384528
6662,2,2,0.00932715758789283,0.09758397692439101,0.8930888654877163
6663,0,2,0.05658631134345539,0.3225783726564625,0.6208353160000821
6664,2,2,3.0772779123508375e-05,0.11261208779140751,0.8873571394294689
6665,0,1,0.2761105634092409,0.40154231969892706,0.322347116891832
6666,0,0,0.6172229742310602,0.10384680599689625,0.27893021977204346
6667,2,2,0.007564418077618564,0.2232708907430949,0.7691646911792865
6668,2,2,0.11821235073843953,0.25951658883977563,0.6222710604217848
6669,2,2,1.7180932308208883e-05,0.08135933870655258,0.9186234803611392
6670,1,2,0.1318785149207637,0.055364777168035874,0.8127567079112004
6671,1,2,0.09234495055840536,0.03572414006864211,0.8719309093729525
6672,1,0,0.8253138135107022,0.15812265041093387,0.01656353607836394
6673,2,2,0.002858112793628644,0.08209979619411178,0.9150420910122595
6674,0,2,0.06400833734028752,0.2403983014299839,0.6955933612297286
6675,1,0,0.43684913047885415,0.21729205017291361,0.34585881934823226
6676,2,2,1.3066128317173662e-07,0.004861742953691569,0.9951381263850253
6677,2,2,0.0014078970311546543,0.4051536067817011,0.5934384961871442
6678,2,2,0.016863141519030803,0.07745839877616442,0.9056784597048048
6679,2,2,0.14794261370552414,0.21619318539436844,0.6358642009001074
6680,2,2,0.24849098312216145,0.17443203595307347,0.5770769809247651
6681,2,2,0.08473305729021978,0.08035106298636853,0.8349158797234116
6682,0,2,0.0016374759730498538,0.06578540193929362,0.9325771220876565
6683,0,2,0.3719194888215607,0.21316267599933503,0.4149178351791042
6684,2,0,0.6128597129971749,0.08707022264004674,0.3000700643627785
6685,2,2,5.688325669076791e-17,1.3742062726908944e-10,0.9999999998625793
6686,0,0,0.5591426886778298,0.30065181096246074,0.14020550035970947
6687,0,2,0.38330221789228713,0.2061481460466572,0.41054963606105566
6688,1,2,0.001176106931143028,0.05822998342770792,0.9405939096411491
6689,1,2,0.19256705830695592,0.3072263074495627,0.5002066342434813
6690,2,2,0.02279534164005532,0.0017329996036969148,0.9754716587562476
6691,0,2,0.13136520781189273,0.31702129607567336,0.5516134961124339
6692,1,2,5.910629055313009e-05,0.02143908308641469,0.9785018106230322
6693,2,2,0.0014996180438927433,0.0022992712737920826,0.9962011106823153
6694,2,0,0.5782244514814096,0.13949608470495167,0.2822794638136388
6695,2,2,3.3457450455301784e-05,0.139399326844917,0.8605672157046276
6696,1,2,0.1651130466815189,0.22958202132378225,0.6053049319946988
6697,2,0,0.6053835347174303,0.2448339025756432,0.14978256270692641
6698,0,2,0.07027773829563394,0.15561490134149067,0.7741073603628753
6699,2,0,0.5915619337269387,0.20672330372618317,0.20171476254687812
6700,0,1,0.03061761922066372,0.8778563663366318,0.09152601444270461
6701,0,0,0.8041182080794668,0.1908205871475592,0.005061204772974008
6702,0,2,0.07816432485097793,0.24785149500547332,0.6739841801435488
6703,0,0,0.9661239352779734,0.02323008128913272,0.010645983432893876
6704,0,0,0.9011584661830655,0.007774214628382325,0.09106731918855213
6705,0,2,0.2067123905196758,0.27385059715269555,0.5194370123276286
6706,2,2,0.2559113230699651,0.19702726005226254,0.5470614168777723
