,Outcome,Prediction,ProbA,ProbD,ProbH
6120,0,2,0.2942676850488783,0.26223048144066397,0.44350183351045785
6121,0,0,0.42488024740406505,0.28331162804062626,0.2918081245553086
6122,1,0,0.5439402968963601,0.24302248944191673,0.21303721366172315
6123,1,2,0.3537359708231777,0.27176726068511237,0.37449676849170993
6124,2,0,0.37596558024328947,0.2649355170049283,0.35909890275178213
6125,0,2,0.3598828122013684,0.26130314585246084,0.3788140419461708
6126,1,2,0.10594639014289255,0.18859052790595332,0.7054630819511541
6127,0,2,0.2926120771456581,0.25274417213470124,0.45464375071964075
6128,2,2,0.11843186625477349,0.1752200805003096,0.7063480532449168
6129,2,2,0.20980203094215424,0.2436553886973814,0.5465425803604643
6130,0,0,0.45191769633170875,0.2710665579194636,0.2770157457488277
6131,2,2,0.06598351033852598,0.12053835066451,0.813478138996964
6132,0,0,0.4185153985300314,0.26042695108436087,0.3210576503856077
6133,1,2,0.3164054158880083,0.2918620921575042,0.3917324919544875
6134,1,0,0.40170238214532233,0.2520780367857915,0.34621958106888623
6135,0,0,0.3826462866517172,0.27563810335014816,0.34171560999813466
6136,2,2,0.22078797946268344,0.2485728925745452,0.5306391279627714
6137,2,2,0.06624392392574274,0.135591665496865,0.7981644105773922
6138,2,2,0.1452350604216526,0.2062294362498709,0.6485355033284765
6139,0,2,0.3201756949857189,0.2841595578104031,0.3956647472038779
6140,0,0,0.6720478882965032,0.1954787422461005,0.13247336945739632
6141,2,0,0.5909519753205091,0.22372681831328517,0.1853212063662057
6142,0,2,0.2782354049593923,0.2772828258140015,0.44448176922660626
6143,1,2,0.10891158345946,0.19133189878431897,0.699756517756221
6144,1,2,0.1489499786756695,0.22877730058196907,0.6222727207423614
6145,1,2,0.1079457204299886,0.17948968508090013,0.7125645944891112
6146,0,0,0.59679113289197,0.2441357470508357,0.15907312005719423
6147,2,2,0.21730000844210656,0.17099099279324093,0.6117089987646526
6148,1,0,0.38644093211267433,0.27284794847454635,0.34071111941277943
6149,1,0,0.4117108584826892,0.26291406745779167,0.3253750740595191
6150,0,2,0.1818984511446269,0.2266836889027635,0.5914178599526095
6151,0,2,0.21521166593979346,0.24324678432770028,0.5415415497325062
6152,1,2,0.33145522613642053,0.27896023931222147,0.389584534551358
6153,0,2,0.3218707724333983,0.2888067483607077,0.38932247920589397
6154,1,2,0.1496521103784273,0.2055953245216044,0.6447525650999684
6155,0,2,0.22603008520198353,0.27504736991166656,0.49892254488634996
6156,2,2,0.2706275780506942,0.25777348904378816,0.4715989329055177
6157,2,2,0.09910925234279667,0.17619610217783768,0.7246946454793656
6158,0,0,0.6060537461905511,0.2353612694502101,0.15858498435923885
6159,2,2,0.3372153649836021,0.26761153704036833,0.3951730979760295
6160,0,0,0.5326412801536244,0.23219919774226722,0.23515952210410837
6161,0,0,0.5876369386832445,0.23553001837985188,0.1768330429369036
6162,2,2,0.11962798027205823,0.18998454756752847,0.6903874721604134
6163,2,2,0.14128903174693996,0.22541256777079613,0.6332984004822638
6164,2,2,0.33322314109518814,0.2836570188152692,0.3831198400895426
6165,2,2,0.12019270860213786,0.19602192973253163,0.6837853616653305
6166,2,2,0.22084791336514728,0.1944443399895689,0.5847077466452838
6167,2,2,0.356349274908719,0.2571654980629669,0.38648522702831417
6168,2,2,0.09220139889632287,0.16469982011019974,0.7430987809934774
6169,2,2,0.24463727775705008,0.27543885833778975,0.47992386390516023
6170,0,0,0.5274055346822005,0.25245795234396085,0.22013651297383854
6171,0,2,0.12054594070508096,0.21650821799351186,0.6629458413014071
6172,2,2,0.2677416239038566,0.25044939634138663,0.4818089797547567
6173,2,2,0.1946418229570271,0.23537140893979627,0.5699867681031766
6174,2,2,0.2644693210603625,0.25822272033777716,0.4773079586018603
6175,2,2,0.2148090850966379,0.23846048189496788,0.5467304330083942
6176,1,2,0.18315871403507078,0.2297033385729735,0.5871379473919557
6177,1,0,0.6789948963175936,0.1901526701913504,0.13085243349105605
6178,0,0,0.46655615829500485,0.2783572125048563,0.25508662920013886
6179,1,2,0.33136991318627845,0.26320503559477915,0.40542505121894246
6180,2,2,0.08240072839863112,0.16849739307958464,0.7491018785217842
6181,2,2,0.06257011066835794,0.12689365161888322,0.8105362377127588
6182,0,2,0.2411227210209068,0.2413399894586709,0.5175372895204222
6183,2,2,0.3525835129389876,0.28791618755776294,0.35950029950324947
6184,0,0,0.4117494740140776,0.24709139800691735,0.3411591279790051
6185,2,2,0.0715619683168418,0.1538603406742656,0.7745776910088925
6186,1,2,0.29974407833326566,0.2869118677921644,0.41334405387456985
6187,0,0,0.37678156496571164,0.25238591446362874,0.37083252057065963
6188,2,2,0.22513783041432348,0.2615512057278214,0.513310963857855
6189,0,0,0.6289940834694291,0.2204238980323351,0.15058201849823577
6190,2,2,0.1577912108150145,0.24603763464315112,0.5961711545418344
6191,2,2,0.2988125157876536,0.2520913021167226,0.44909618209562374
6192,2,2,0.22722621158618309,0.24896052475229072,0.5238132636615261
6193,2,2,0.1768729922086002,0.17047482534642472,0.652652182444975
6194,2,0,0.45076310890879456,0.27362318230310834,0.275613708788097
6195,2,2,0.18977294272152317,0.23194714621255125,0.5782799110659256
6196,2,2,0.1396053075832418,0.20304401396368488,0.6573506784530734
6197,0,0,0.6853050155796591,0.19177400418774596,0.12292098023259501
6198,2,0,0.524013600064028,0.22926077061288389,0.24672562932308822
6199,2,2,0.06532655670492922,0.13221274930844237,0.8024606939866284
6200,1,0,0.4669078349697312,0.2808942882248739,0.25219787680539485
6201,0,2,0.21789715974250914,0.2491962005756968,0.532906639681794
6202,0,0,0.6329040130461816,0.21240004303416568,0.1546959439196527
6203,0,2,0.11735603667743096,0.1958929964709819,0.6867509668515871
6204,2,0,0.6147778016720209,0.2260593954698396,0.1591628028581394
6205,0,0,0.4422067075774074,0.2505499578797651,0.30724333454282754
6206,2,2,0.2977762187855717,0.2600589726251751,0.4421648085892533
6207,2,0,0.4435074619105861,0.26127363253162467,0.29521890555778924
6208,2,2,0.22767301080557528,0.2736479489436842,0.4986790402507406
6209,1,2,0.1286204780334312,0.21208581989627134,0.6592937020702975
6210,2,2,0.09190480469918016,0.13515027659306658,0.7729449187077532
6211,2,2,0.30926217333974615,0.2678677041988659,0.42287012246138805
6212,2,2,0.22979789941571097,0.247992498227765,0.522209602356524
6213,0,2,0.1455006820672576,0.2035291405355529,0.6509701773971894
6214,2,2,0.22127637612585063,0.2514410932178571,0.5272825306562923
6215,1,2,0.1847831429647863,0.2380635197413386,0.5771533372938751
6216,0,2,0.17320391428647383,0.22562849665630594,0.6011675890572202
6217,0,2,0.25283194912907503,0.26192398868009753,0.4852440621908275
6218,2,2,0.19149214937251477,0.22423512648522406,0.5842727241422613
6219,0,0,0.6789378126640286,0.19111767405415403,0.12994451328181722
6220,2,2,0.22964663534343036,0.27186303336212886,0.49849033129444087
6221,1,0,0.539005194002676,0.2537011092620024,0.2072936967353216
6222,2,2,0.3186661617341428,0.2724850735439507,0.40884876472190657
6223,2,0,0.5539569108824932,0.23476351841279555,0.21127957070471123
6224,2,2,0.20207218033130908,0.2562366491201029,0.5416911705485881
6225,2,2,0.24999838892146362,0.24939867152306094,0.5006029395554754
6226,0,0,0.5455231056731783,0.2128144113578218,0.2416624829689999
6227,1,0,0.4546084935681444,0.24893817393243603,0.29645333249941946
6228,0,2,0.2233801140207822,0.25403157721294733,0.5225883087662705
6229,2,2,0.15560570736680893,0.22851947259730843,0.6158748200358827
6230,2,2,0.3024027344441038,0.28171077669293515,0.415886488862961
6231,2,2,0.20674037959959612,0.22000841482072497,0.5732512055796789
6232,2,2,0.06925189205591109,0.1426616333189385,0.7880864746251505
6233,2,2,0.10629336092212825,0.17667831338391637,0.7170283256939555
6234,2,0,0.5885661553540228,0.23667866211726818,0.17475518252870897
6235,2,2,0.1436223823527384,0.20309205603390848,0.6532855616133532
6236,2,2,0.10034168991703957,0.13822735577429932,0.761430954308661
6237,0,0,0.452874585030536,0.27210290000816995,0.2750225149612939
6238,2,2,0.07612943759241178,0.16115011330115392,0.7627204491064344
6239,2,2,0.28316872435349605,0.22997858490456763,0.48685269074193643
6240,1,2,0.28319158519733706,0.27644402023148273,0.4403643945711803
6241,1,0,0.43565450322004534,0.25638388686141295,0.30796160991854166
6242,2,2,0.1552638563034169,0.21368413761968405,0.631052006076899
6243,1,2,0.16875168112360225,0.1757385437122277,0.6555097751641701
6244,2,2,0.32964834501424783,0.26362183753074214,0.40672981745501013
6245,2,0,0.5750361939141602,0.23470874405681613,0.19025506202902376
6246,2,2,0.21983486051661694,0.23545439006373972,0.5447107494196434
6247,2,2,0.28961399750325806,0.28972006313329485,0.420665939363447
6248,2,0,0.37675639638301683,0.28606004158553666,0.3371835620314466
6249,2,2,0.2309236280996066,0.2532186698097954,0.515857702090598
6250,0,0,0.4243755846016916,0.268638356115114,0.30698605928319433
6251,0,0,0.37839431280577185,0.264255829887515,0.35734985730671315
6252,2,2,0.10619962612616549,0.171176006220532,0.7226243676533025
6253,2,2,0.10285893035509042,0.17736791167301283,0.7197731579718968
6254,1,0,0.6961062585604219,0.19024066577757986,0.11365307566199831
6255,0,2,0.06501020866135368,0.13906495717098544,0.7959248341676609
6256,1,0,0.5331965068238763,0.24767103374445898,0.21913245943166465
6257,2,2,0.07760036717896111,0.14750397730572973,0.7748956555153091
6258,2,2,0.2751716683187079,0.20042484400696403,0.5244034876743281
6259,0,0,0.46559023815866407,0.2833924486718399,0.25101731316949605
6260,1,0,0.4562022568198761,0.24605700184561846,0.2977407413345054
6261,0,2,0.18995906785929004,0.22932426409780113,0.5807166680429088
6262,0,2,0.3164845308660202,0.2596338201743348,0.423881648959645
6263,1,2,0.26955837970039365,0.28689509191361245,0.44354652838599395
6264,0,2,0.14897308006153484,0.22119924786312772,0.6298276720753374
6265,1,2,0.3537918299300667,0.28412206432600295,0.3620861057439303
6266,2,0,0.4146089740491289,0.26341304606055777,0.3219779798903133
6267,0,2,0.24232771049869017,0.255312945329676,0.5023593441716339
6268,0,2,0.16699770298971653,0.22556051387528864,0.6074417831349949
6269,2,0,0.39775745765716225,0.29403435940517925,0.3082081829376584
6270,2,2,0.36071466676155806,0.25776625216531857,0.38151908107312343
6271,2,0,0.42990676418943585,0.27196009332537746,0.29813314248518663
6272,0,2,0.22941940122166182,0.2504683284952522,0.520112270283086
6273,2,0,0.43606053937494405,0.2636154364452223,0.3003240241798338
6274,1,2,0.16445911147595557,0.23673099644979198,0.5988098920742525
6275,2,2,0.07705365278874289,0.14856203734280432,0.7743843098684527
6276,2,0,0.43868282894579835,0.2840920447493155,0.27722512630488605
6277,1,2,0.23474969843278948,0.23371908950015238,0.5315312120670581
6278,2,2,0.06038524160345352,0.12599293684887733,0.8136218215476692
6279,2,2,0.17097113839701328,0.17323027037988808,0.6557985912230987
6280,0,0,0.5289973964172271,0.23370656900014383,0.23729603458262907
6281,2,2,0.150844800674333,0.2087369058465183,0.6404182934791487
6282,1,2,0.3336380262032742,0.24854415630123133,0.41781781749549446
6283,0,0,0.4083499203190996,0.25392107751870335,0.337729002162197
6284,2,2,0.17302610907385924,0.21578782877248165,0.6111860621536591
6285,1,2,0.14941221816780897,0.22466351303395443,0.6259242687982366
6286,0,2,0.15128250037354596,0.2309181082541172,0.6177993913723369
6287,1,0,0.6335906529730659,0.21374849779160457,0.1526608492353296
6288,2,2,0.07304953929596653,0.15363396544584795,0.7733164952581855
6289,2,0,0.364023017358434,0.3067657790231506,0.3292112036184154
6290,2,0,0.41927741762692217,0.2624978540764743,0.3182247282966034
6291,2,2,0.2324181817251947,0.2541185962266544,0.5134632220481509
6292,0,2,0.30405181091078953,0.26143728948527656,0.43451089960393396
6293,0,0,0.505399631745891,0.25059207205933215,0.2440082961947769
6294,0,2,0.19454288258370978,0.23547532634211565,0.5699817910741746
6295,1,2,0.21084629704535818,0.2323525495163089,0.5568011534383329
6296,1,2,0.1515643901127502,0.1738600041555273,0.6745756057317225
6297,2,0,0.5640314893578691,0.24838694578637496,0.18758156485575597
6298,1,2,0.2293856868720683,0.24642312697845525,0.5241911861494765
6299,1,2,0.2073677876282765,0.23897153781958574,0.5536606745521377
6300,2,2,0.15773769685658384,0.2239920542676712,0.6182702488757449
6301,1,0,0.46693413726013655,0.24620048684274853,0.28686537589711486
6302,2,2,0.10197444518609139,0.15905372779950105,0.7389718270144077
6303,2,2,0.11788493393510088,0.20795387650918928,0.6741611895557099
6304,2,0,0.35556696440167906,0.29104446400343315,0.3533885715948878
6305,2,2,0.27757576731038053,0.2912873645584529,0.43113686813116653
6306,2,0,0.41320316885626884,0.24792186854053727,0.338874962603194
6307,1,2,0.2926757648672657,0.2599111187081713,0.447413116424563
6308,2,2,0.28983648084695646,0.25159472949112144,0.45856878966192216
6309,2,2,0.23562044564630275,0.24929621948585334,0.5150833348678439
6310,2,2,0.32419653412411664,0.2674881557521939,0.4083153101236895
6311,1,2,0.1644340036960415,0.22295777379396106,0.6126082225099975
6312,2,2,0.0815917843957176,0.16238658431191794,0.7560216312923644
6313,1,2,0.21269440015106494,0.25017171035387203,0.537133889495063
6314,2,0,0.6329372366879454,0.22075628793287663,0.14630647537917796
6315,2,2,0.20613732694439882,0.2401545586023078,0.5537081144532934
6316,2,2,0.26814517106238633,0.28266733474042793,0.44918749419718584
6317,2,2,0.21270167757960817,0.24825445769526677,0.5390438647251251
6318,0,0,0.6371738741740525,0.21632953635049976,0.1464965894754478
6319,1,2,0.24973734056728591,0.204628699517454,0.5456339599152601
6320,2,2,0.2755434191204034,0.250420545378863,0.47403603550073364
6321,2,2,0.07776462232411949,0.15519031686517132,0.7670450608107092
6322,0,2,0.29205693001131067,0.28547348240113346,0.4224695875875558
6323,1,2,0.28810844220784687,0.25746807215091977,0.4544234856412334
6324,0,0,0.5747890846078196,0.21684343534742198,0.2083674800447584
6325,0,2,0.21993112302122347,0.2612241735680984,0.5188447034106781
6326,2,2,0.3287600899382154,0.2974685007260985,0.37377140933568603
6327,2,2,0.10728810122573049,0.1777587599183414,0.714953138855928
6328,1,2,0.1607187869473725,0.21646029350753535,0.6228209195450921
6329,0,2,0.18972394410285143,0.24038017453413374,0.5698958813630148
6330,2,0,0.5112335169738539,0.25634099202503047,0.23242549100111562
6331,2,2,0.1382703924086145,0.20906948719271953,0.652660120398666
6332,0,0,0.510593060279883,0.2537398692637977,0.23566707045631927
6333,2,0,0.6120349572160103,0.2356330694209354,0.15233197336305435
6334,2,2,0.3421298832142567,0.29118456243693003,0.36668555434881334
6335,1,2,0.29765050702021356,0.2851981140684248,0.41715137891136156
6336,1,2,0.27082476860736937,0.2505325837450325,0.47864264764759823
6337,2,0,0.44232971872422744,0.24976875044160338,0.3079015308341694
6338,0,2,0.16029769652897283,0.22288941336800966,0.6168128901030175
6339,2,2,0.22708866414554127,0.24553706608991374,0.5273742697645449
6340,1,2,0.22290172860884688,0.2411861818521601,0.535912089538993
6341,2,2,0.17872649955450226,0.17280658557057002,0.6484669148749277
6342,0,2,0.15093466681162487,0.2103726419298525,0.6386926912585227
6343,1,2,0.21982840354509697,0.2526293435625467,0.5275422528923563
6344,2,2,0.12016742439052286,0.19340209709600809,0.6864304785134691
6345,2,0,0.45614635564848516,0.27183710430567865,0.27201654004583625
6346,2,0,0.4228654288431732,0.2627009303250814,0.31443364083174535
6347,0,0,0.5108856627719819,0.2449931568296296,0.24412118039838862
6348,2,2,0.2635841113555236,0.27952657992219315,0.45688930872228317
6349,2,2,0.095565592903494,0.172184072973363,0.732250334123143
6350,2,2,0.2848385561024933,0.2722373515668587,0.44292409233064806
6351,0,0,0.5783077652665876,0.24559477946939726,0.1760974552640153
6352,2,2,0.1588982292303947,0.22595179320694106,0.6151499775626642
6353,0,0,0.5814840162725902,0.2135446312960981,0.20497135243131173
6354,2,2,0.10618375359222498,0.18099746601462832,0.7128187803931466
6355,0,0,0.3821533002822686,0.275886172596022,0.3419605271217094
6356,2,2,0.19885090187753546,0.2273456168606697,0.5738034812617948
6357,0,0,0.6232470952790983,0.22312381645663534,0.15362908826426627
6358,0,0,0.5718324013558117,0.24748863922926573,0.18067895941492246
6359,0,2,0.3248347044772415,0.25440600123537155,0.420759294287387
6360,1,2,0.31367154592029156,0.26150265642009696,0.4248257976596115
6361,1,2,0.1269651068463901,0.20039692741878865,0.6726379657348212
6362,2,2,0.16033006209640138,0.23107271704637736,0.6085972208572212
6363,2,2,0.05819942157797317,0.10170876761556508,0.8400918108064617
6364,0,0,0.4180472346333848,0.24858406562703322,0.3333686997395821
6365,0,0,0.3639768129011773,0.27903709241407487,0.3569860946847478
6366,1,2,0.28049485615404113,0.2504271584000607,0.46907798544589824
6367,2,2,0.2966250905672035,0.29338964595163114,0.4099852634811653
6368,2,2,0.08056797120447484,0.15857337192995422,0.760858656865571
6369,2,2,0.11640932960399705,0.20276282094336906,0.6808278494526339
6370,2,2,0.311859607992739,0.27724271926974614,0.4108976727375149
6371,1,0,0.45780960897080347,0.26965889505964896,0.27253149596954757
6372,2,2,0.1462191614258787,0.20721203352064657,0.6465688050534747
6373,2,2,0.11106450826736132,0.18479342601069731,0.7041420657219413
6374,2,2,0.08853440865843422,0.15725925491614726,0.7542063364254186
6375,2,2,0.29490344071430064,0.2579211823471104,0.44717537693858894
6376,1,0,0.3592782609521777,0.3005531810025786,0.3401685580452437
6377,1,0,0.6028549201308849,0.24206070649516015,0.15508437337395495
6378,1,0,0.3908108624999309,0.2524868236542824,0.3567023138457867
6379,2,2,0.1765722429382476,0.24550182122144032,0.577925935840312
6380,0,2,0.2450409869743039,0.2543797638386783,0.5005792491870178
6381,1,2,0.07946147724706991,0.12270563417918835,0.7978328885737417
6382,2,0,0.601285820624426,0.2337458537452679,0.16496832563030597
6383,1,0,0.4506154945841783,0.2815324292379078,0.26785207617791384
6384,0,0,0.5346304357553183,0.23397212870782205,0.23139743553685957
6385,2,2,0.0737316873409703,0.14403201297932455,0.7822362996797051
6386,0,2,0.31065797369294795,0.27343414178495173,0.41590788452210037
6387,1,2,0.12357076106074234,0.19437734041575874,0.6820518985234989
6388,0,0,0.5466432656962704,0.2578062840547526,0.195550450248977
6389,1,2,0.09589498992563365,0.17378079232772703,0.7303242177466394
6390,2,2,0.1264945725260047,0.19390750792437678,0.6795979195496185
6391,0,0,0.4369297511025943,0.2548003981617324,0.3082698507356733
6392,1,2,0.214103586037493,0.24893200369808352,0.5369644102644235
6393,0,0,0.6236435213108779,0.22442335651400738,0.15193312217511476
6394,1,0,0.39599685415621155,0.2621443500091306,0.3418587958346579
6395,1,2,0.17554946174794447,0.22479912715920755,0.599651411092848
6396,0,0,0.6519485399383526,0.2058126867562542,0.1422387733053933
6397,2,0,0.5030309679814993,0.2574168122731077,0.23955221974539295
6398,1,2,0.29776897733608215,0.2644046780305372,0.43782634463338066
6399,2,2,0.17875378368192332,0.19186789428769097,0.6293783220303856
6400,0,2,0.33304968634787796,0.28388517671809105,0.383065136934031
6401,1,2,0.25087691496227343,0.28066052493657706,0.4684625601011495
6402,2,0,0.5052700493654888,0.25478603404339,0.23994391659112116
6403,1,0,0.47215507765400805,0.24918764607195976,0.2786572762740322
6404,1,0,0.4695142635645707,0.275712093666896,0.2547736427685334
6405,2,2,0.10262797901109282,0.17819927211451986,0.7191727488743874
6406,2,2,0.06322236874312014,0.12789976522239102,0.8088778660344889
6407,2,2,0.1359297174037057,0.15925610302390777,0.7048141795723866
6408,0,0,0.4225660383735437,0.2651143910864021,0.31231957054005416
6409,2,2,0.25903105202229015,0.26366573931103715,0.47730320866667275
6410,0,0,0.6749481297025997,0.19139048725160981,0.13366138304579067
6411,0,2,0.36323090096991845,0.2664719067791138,0.3702971922509677
6412,2,2,0.06845027441651481,0.13831306068782417,0.7932366648956609
6413,2,2,0.16538693211269662,0.22852855878520167,0.6060845091021017
6414,1,2,0.266521545549498,0.2655881783366751,0.467890276113827
6415,0,0,0.5498914883572605,0.2503364905765192,0.19977202106622036
6416,2,2,0.33435466675864833,0.2920534975643275,0.37359183567702414
6417,0,2,0.2059239242133345,0.2530330806639027,0.5410429951227628
6418,0,0,0.6455000947388606,0.2057930719109477,0.1487068333501916
6419,2,2,0.1262845793130144,0.19753971674787227,0.6761757039391132
6420,2,2,0.13731776884861702,0.167391464831121,0.695290766320262
6421,0,2,0.31958332696880604,0.2641991196118854,0.4162175534193086
6422,2,2,0.07379180838181976,0.14808693105894047,0.7781212605592398
6423,2,2,0.2448330636136691,0.2349266581062831,0.5202402782800478
6424,1,2,0.3337637485574112,0.26780636803417607,0.3984298834084128
6425,1,2,0.29559250724530695,0.23649899626906523,0.4679084964856278
6426,2,2,0.07338679499941127,0.15574484118093532,0.7708683638196535
6427,0,0,0.5538707416889275,0.22250627030802006,0.22362298800305253
6428,2,2,0.19830331957546465,0.22808722396127964,0.5736094564632557
6429,1,2,0.3631610779778644,0.2720963196030795,0.36474260241905615
6430,1,2,0.3283532078397183,0.24879136561993004,0.4228554265403517
6431,2,2,0.09237747733437916,0.12708901267143055,0.7805335099941902
6432,0,2,0.1140457677756613,0.19722555213400939,0.6887286800903294
6433,0,0,0.7300021902645176,0.172480564896471,0.09751724483901128
6434,1,0,0.5117199718440965,0.2320887027221919,0.25619132543371165
6435,1,2,0.28943834859969253,0.27417112146984507,0.4363905299304624
6436,2,2,0.15569545972716753,0.2086071302989654,0.635697409973867
6437,1,2,0.10201194424832892,0.17096404006998359,0.7270240156816875
6438,2,2,0.19590195927540408,0.24567318904530602,0.5584248516792899
6439,0,0,0.4627364835529522,0.28515062203872005,0.2521128944083277
6440,2,2,0.08205106817277508,0.1690020793698863,0.7489468524573387
6441,2,2,0.14316829393577296,0.14940695717364302,0.7074247488905839
6442,2,2,0.1727006069161461,0.2179848159223869,0.609314577161467
6443,2,2,0.27332320261063625,0.2776025302754525,0.4490742671139112
6444,0,2,0.1883551189192357,0.22710953663358893,0.5845353444471754
6445,2,0,0.45692034465739795,0.25318801861952384,0.28989163672307816
6446,1,2,0.10305842906955484,0.18395666367601807,0.7129849072544271
6447,0,2,0.15545004016657127,0.23260067634060147,0.6119492834928273
6448,1,2,0.22079186215014174,0.24385237831044265,0.5353557595394156
6449,1,0,0.5050152054376711,0.2531995739955408,0.2417852205667881
6450,0,2,0.22325228949613513,0.23810949736740192,0.538638213136463
6451,2,2,0.26151633885699976,0.2641321042723487,0.47435155687065145
6452,1,0,0.3575231912527923,0.2921113750188327,0.3503654337283749
6453,2,2,0.0625211929891945,0.13086639508476636,0.8066124119260393
6454,1,2,0.28569268614432425,0.2523383765730208,0.4619689372826551
6455,0,0,0.5673266771879737,0.2197395253785443,0.21293379743348198
6456,0,2,0.3033849313380744,0.28970951070828904,0.4069055579536365
6457,2,2,0.07726308996536589,0.15166486814037305,0.7710720418942609
6458,0,2,0.21314125351885663,0.24816637956710272,0.5386923669140407
6459,1,2,0.23334928411494396,0.16818097845380361,0.5984697374312525
6460,0,2,0.28119543722679374,0.28437194631852475,0.43443261645468156
6461,0,0,0.5485462011065112,0.24580131907733863,0.20565247981615023
6462,0,0,0.565241481683503,0.2440173448795874,0.1907411734369096
6463,1,2,0.26462662420415445,0.2510036959100444,0.48436967988580104
6464,2,0,0.434779133483261,0.2538676199229628,0.31135324659377633
6465,0,0,0.674262679740727,0.19790717621241707,0.12783014404685591
6466,0,2,0.1639569522915861,0.23703436567861794,0.5990086820297961
6467,2,2,0.12760737714958717,0.20281204999992042,0.6695805728504923
6468,2,2,0.31738096947834066,0.259795718835378,0.4228233116862813
6469,0,0,0.4285727166852872,0.26334884000612657,0.3080784433085862
6470,2,2,0.06677092148201168,0.1343115173559832,0.798917561162005
6471,0,2,0.11570975676196336,0.2054025674880026,0.6788876757500341
6472,2,2,0.20806372794382064,0.24622880763554933,0.54570746442063
6473,1,0,0.6652982505036615,0.20368526787006694,0.1310164816262716
6474,0,2,0.2832017317534058,0.2683207607313203,0.4484775075152738
6475,0,2,0.22568208598894682,0.27815195222910194,0.49616596178195116
6476,2,2,0.17376841585579889,0.2154876617432965,0.6107439224009047
6477,1,0,0.4273001054106924,0.2740441642670775,0.2986557303222301
6478,0,2,0.19199875719773202,0.23110508233206123,0.5768961604702068
6479,0,0,0.6192090764555759,0.2248961021452751,0.155894821399149
6480,0,2,0.3491079909596,0.27002371936878444,0.3808682896716155
6481,1,0,0.45660975008098303,0.28413397188753436,0.2592562780314827
6482,1,2,0.2892134615910222,0.27510324826363075,0.43568329014534707
6483,0,0,0.4933707777370627,0.2527614361026666,0.2538677861602707
6484,0,2,0.18958636912333307,0.23033910832492868,0.5800745225517382
6485,2,2,0.29603031384338735,0.2826744358105316,0.42129525034608106
6486,1,2,0.2855370474165397,0.25159148464277153,0.4628714679406889
6487,2,2,0.16416387278023117,0.21815615376386965,0.6176799734558991
6488,2,2,0.15543138253856068,0.15439980616294935,0.69016881129849
6489,0,2,0.16562135314858595,0.22382202193977882,0.6105566249116352
6490,0,2,0.27394904904760103,0.25915367259955824,0.46689727835284073
6491,0,2,0.25774143267618466,0.2760311222150707,0.46622744510874453
6492,2,2,0.09508249955966394,0.1692111155163209,0.7357063849240152
6493,1,2,0.22977044250479148,0.2431710178615694,0.5270585396336391
6494,0,0,0.40272557636187617,0.2698027082814389,0.3274717153566849
6495,0,2,0.3310974956644251,0.2909386008341322,0.3779639035014428
6496,0,0,0.5700253630864586,0.23243303450879066,0.19754160240475072
6497,0,0,0.5856532093725554,0.24530724145203867,0.169039549175406
6498,2,2,0.252361359412088,0.27836992326846255,0.4692687173194495
6499,0,2,0.3127839793854314,0.25061498556323775,0.4366010350513309
6500,2,2,0.12161664075888395,0.19394595342125806,0.6844374058198579
6501,1,2,0.19113684627762081,0.24258563328531857,0.5662775204370606
6502,1,0,0.45058677662484903,0.2701333321971767,0.27927989117797425
6503,1,0,0.40448414976550817,0.24438777205459275,0.3511280781798991
6504,2,2,0.22112733059335016,0.23420238670235555,0.5446702827042943
6505,0,2,0.24278028903791712,0.25157259804999993,0.505647112912083
6506,1,2,0.21285806855071743,0.17264856985572974,0.6144933615935528
6507,2,2,0.195502096583695,0.24396939771445064,0.5605285057018544
6508,2,2,0.090282351066994,0.17190416642632012,0.737813482506686
6509,2,2,0.3620396869607084,0.2606394201942106,0.377320892845081
6510,0,0,0.6317085037749909,0.21252685750794997,0.15576463871705912
6511,0,2,0.09665037876549962,0.17060696661085722,0.7327426546236432
6512,2,2,0.24341424457818323,0.26943773424841283,0.48714802117340383
6513,0,2,0.22029819660669583,0.23653613504467663,0.5431656683486275
6514,1,2,0.29669832634683885,0.28217705881205896,0.4211246148411023
6515,0,0,0.7129334233033501,0.1838480852318065,0.10321849146484326
6516,2,2,0.1872120618434995,0.23576442070089207,0.5770235174556084
6517,0,2,0.12798103789889154,0.2040067724050426,0.6680121896960658
6518,2,0,0.3994930913747363,0.2563383226883958,0.3441685859368679
6519,0,2,0.21570863416807198,0.23967864234042063,0.5446127234915074
6520,2,0,0.41705817634803743,0.24979910022771734,0.3331427234242452
6521,2,2,0.06101304146497857,0.13052831989894575,0.8084586386360758
6522,1,0,0.49331444257431467,0.26796648692458247,0.23871907050110283
6523,2,2,0.28507403273565096,0.2900940589806848,0.42483190828366424
6524,1,2,0.21195292384185418,0.24828231236703216,0.5397647637911136
6525,2,2,0.24610033308970708,0.26107926582759755,0.49282040108269537
6526,1,2,0.19643954465691454,0.2314635341778497,0.5720969211652357
6527,1,2,0.16413351661531908,0.2243027115471376,0.6115637718375433
6528,2,0,0.38781021652449554,0.257870383246823,0.3543194002286816
6529,2,2,0.20837534195395885,0.16457393836077103,0.62705071968527
6530,0,0,0.4579275396448712,0.2695926780158118,0.2724797823393171
6531,1,2,0.3011977435872189,0.2832780109638238,0.41552424544895733
6532,0,2,0.2643317281543733,0.28392622739597595,0.45174204444965077
6533,0,0,0.5563490508957868,0.24958421194534416,0.19406673715886905
6534,1,0,0.3881288064196437,0.26593931322892855,0.34593188035142775
6535,2,2,0.25423865033332904,0.24602675001546576,0.49973459965120537
6536,2,2,0.2393311010013768,0.24876722454804498,0.5119016744505782
6537,2,2,0.17411710141777895,0.17679864730420544,0.6490842512780156
6538,2,2,0.19052618663991908,0.2340712412289264,0.5754025721311545
6539,0,2,0.22162345534780092,0.2435068695572974,0.5348696750949017
6540,1,0,0.6288084513458547,0.22121111973768717,0.1499804289164582
6541,0,0,0.602695297352463,0.23909942932190575,0.15820527332563117
6542,2,2,0.22912482392243336,0.2519174632101696,0.518957712867397
6543,2,2,0.09750771054064226,0.17507291167724348,0.7274193777821143
6544,2,2,0.23613333633871844,0.25779497173161686,0.5060716919296647
6545,0,0,0.3822422163150582,0.264234134403351,0.3535236492815908
6546,0,2,0.30835995170522706,0.25565133453150884,0.43598871376326404
6547,2,2,0.3251616826032515,0.28978392875878806,0.3850543886379603
6548,0,0,0.4714866203850344,0.27278414178227767,0.25572923783268803
6549,2,2,0.23473749735881766,0.26002000469113296,0.5052424979500494
6550,1,2,0.29179912025132543,0.2621826883859121,0.44601819136276255
6551,1,2,0.19830402186132653,0.2430546571569328,0.5586413209817407
6552,2,2,0.20551049304926913,0.26235761118580136,0.5321318957649295
6553,2,2,0.11493523002401868,0.19170487362277708,0.6933598963532042
6554,2,2,0.06766260567924476,0.14680543421308598,0.7855319601076692
6555,1,2,0.30723465410130063,0.2707289307705519,0.42203641512814755
6556,1,0,0.46388331605174715,0.25714940746355414,0.2789672764846987
6557,2,0,0.4561982824726619,0.2431535110324112,0.30064820649492685
6558,0,2,0.2181154467125474,0.19273271483524912,0.5891518384522035
6559,1,0,0.3985841603184597,0.2684631587794532,0.33295268090208713
6560,2,2,0.17205162750783884,0.21976868324223356,0.6081796892499277
6561,1,0,0.510850519838779,0.26976487328152765,0.2193846068796933
6562,0,2,0.20447076755133645,0.23140534945115582,0.5641238829975078
6563,2,2,0.20043367977963286,0.23996289126617676,0.5596034289541905
6564,1,2,0.3364443096194613,0.2627635010217096,0.4007921893588292
6565,2,2,0.3343067584317372,0.26656099181835774,0.3991322497499051
6566,1,0,0.3627617227360153,0.2938776751192144,0.3433606021447704
6567,2,2,0.10593842938807663,0.17013867177459663,0.7239228988373267
6568,1,2,0.09893547740437661,0.17455465941773826,0.7265098631778852
6569,2,2,0.17101626283438764,0.22853159672604856,0.6004521404395637
6570,0,2,0.1940961944075728,0.2356252832247986,0.5702785223676285
6571,2,2,0.07676993981698972,0.15942764554128172,0.7638024146417285
6572,0,0,0.619816019925761,0.22222981343641793,0.15795416663782108
6573,2,2,0.2360180633755579,0.25724653219583005,0.5067354044286121
6574,2,2,0.3519567950824656,0.2694355251760008,0.3786076797415336
6575,0,0,0.3584382069682158,0.2879415304177913,0.35362026261399276
6576,2,0,0.40299861354238226,0.2532518487961568,0.3437495376614609
6577,0,2,0.2950461436145925,0.2810316090879258,0.4239222472974817
6578,2,2,0.33252893592731186,0.2741632442996137,0.3933078197730745
6579,1,2,0.17584146267659295,0.17402035395284218,0.650138183370565
6580,2,2,0.31067375796104146,0.2748821193019957,0.4144441227369629
6581,0,0,0.3928019539633834,0.2583980806281421,0.3487999654084744
6582,1,2,0.213813748573667,0.2382828313396184,0.5479034200867146
6583,0,2,0.3497216105677149,0.2521772831683726,0.39810110626391243
6584,0,0,0.6697410988822666,0.1973243854011601,0.13293451571657333
6585,1,0,0.3905581041551664,0.26179749182494033,0.3476444040198934
6586,0,2,0.285096732436374,0.25669583149651326,0.45820743606711284
6587,1,2,0.10335988284861883,0.16042033030970212,0.736219786841679
6588,2,2,0.24506363319674074,0.26404354920093653,0.49089281760232273
6589,2,2,0.2500496558407126,0.22303609559088414,0.5269142485684033
6590,2,0,0.4274000942764165,0.2738780515902196,0.2987218541333639
6591,1,2,0.15719308130876675,0.22387931140504122,0.6189276072861921
6592,1,2,0.26355056076057565,0.29097173335106463,0.44547770588835967
6593,2,2,0.054163549154180944,0.11762587265151633,0.8282105781943028
6594,0,0,0.3713640510528118,0.28427874551966076,0.3443572034275275
6595,0,2,0.16900042242511953,0.22714573273556046,0.6038538448393199
6596,0,0,0.453043619325012,0.2848625248198296,0.26209385585515843
6597,2,2,0.20930811308055078,0.2433085113944701,0.5473833755249791
6598,2,2,0.10493079483657619,0.17455270241454415,0.7205165027488796
6599,0,0,0.3752375381762393,0.25762000278552205,0.36714245903823867
6600,2,2,0.09482460028840238,0.18623691463645492,0.7189384850751428
6601,2,0,0.43973944674003346,0.2629013947425271,0.2973591585174395
6602,0,0,0.5353196313853371,0.24391590617456216,0.22076446244010065
6603,1,2,0.14047064616517616,0.196704489771128,0.6628248640636959
6604,2,2,0.25583603852190717,0.27823013776164474,0.46593382371644804
6605,2,2,0.14384267267406906,0.23101017194453435,0.6251471553813965
6606,0,2,0.2643982263637187,0.20847340821382773,0.5271283654224537
6607,2,0,0.5218120641972938,0.2620249501547118,0.21616298564799455
6608,0,0,0.5214974062167477,0.2352282312876193,0.24327436249563295
6609,0,2,0.3367617966002753,0.26676944304287253,0.3964687603568522
6610,0,0,0.6368831410526161,0.21279365612810888,0.15032320281927494
6611,0,0,0.6000407658867881,0.22704585946390596,0.17291337464930592
6612,1,2,0.06711577105890983,0.1383957514874005,0.7944884774536896
6613,2,0,0.3721306753588426,0.2702516597854857,0.3576176648556718
6614,0,2,0.14632806903180282,0.21116331951886827,0.6425086114493289
6615,2,2,0.07992959533911255,0.16550886054011046,0.754561544120777
6616,2,2,0.2117894609497873,0.23386504194615684,0.5543454971040558
6617,2,2,0.3467599128462947,0.30598646306398364,0.34725362408972166
6618,2,2,0.1540964815384274,0.21287585395714614,0.6330276645044265
6619,0,2,0.30315034718554085,0.242973747394042,0.4538759054204171
6620,1,2,0.16917898717185384,0.21445750390144835,0.6163635089266978
6621,0,2,0.10803198839533762,0.18412749947766585,0.7078405121269966
6622,2,2,0.22356645881644163,0.23612882979043048,0.5403047113931279
6623,2,0,0.5079048822238446,0.25374128964339054,0.238353828132765
6624,2,2,0.14736633236700128,0.21096612697035583,0.6416675406626429
6625,0,0,0.37415079469137913,0.274883274442115,0.35096593086650574
6626,2,2,0.2186539735087091,0.2574758194395411,0.5238702070517498
6627,2,0,0.5970541753146502,0.20818849070983741,0.1947573339755123
6628,2,2,0.06424317479752416,0.12043595892829939,0.8153208662741764
6629,0,2,0.22777447544265683,0.2718916884524705,0.5003338361048726
6630,1,2,0.120261399138895,0.19551396641881597,0.684224634442289
6631,2,2,0.3589177509686584,0.2722132214319759,0.3688690275993657
6632,1,2,0.13704181026818063,0.22600466502376618,0.6369535247080532
6633,1,2,0.16859674949519526,0.2206314144324707,0.610771836072334
6634,2,2,0.12577509387583574,0.19737157853795678,0.6768533275862074
6635,1,0,0.42121064104470707,0.262042484595489,0.316746874359804
6636,0,0,0.45066280945125026,0.27977027020894324,0.26956692033980656
6637,0,0,0.4335136950191132,0.2554388553700418,0.311047449610845
6638,0,2,0.2856927008440296,0.2594362341774194,0.45487106497855095
6639,0,0,0.6200334005257964,0.2293462128933122,0.15062038658089144
6640,2,2,0.05461222724746987,0.11565634123079493,0.8297314315217352
6641,0,2,0.2802656678958503,0.27192195706045835,0.4478123750436914
6642,2,0,0.6108605307452472,0.2184097736682797,0.17072969558647322
6643,1,2,0.36064412567398785,0.25230887970071986,0.38704699462529224
6644,1,0,0.38118250846429685,0.28270550458472493,0.33611198695097827
6645,1,0,0.45047557630980795,0.2483123694402941,0.3012120542498978
6646,2,2,0.07221144742248214,0.14486774303067515,0.7829208095468426
6647,1,2,0.23758655486396188,0.2569751226376408,0.5054383224983975
6648,2,0,0.45390863563829886,0.2625215103667674,0.2835698539949338
6649,2,2,0.15442932055360434,0.24413223465525433,0.6014384447911413
6650,2,2,0.1470424129997972,0.20604759951693782,0.6469099874832649
6651,0,2,0.16430999113126715,0.23504288117238653,0.6006471276963463
6652,2,2,0.10127832465246545,0.17461166002210216,0.7241100153254324
6653,1,0,0.599174738828461,0.23202314383222009,0.168802117339319
6654,0,0,0.5855897942222528,0.23097493200601318,0.183435273771734
6655,0,2,0.23653873257723543,0.19315692439471022,0.5703043430280543
6656,2,2,0.28157556799107636,0.2499206614204186,0.468503770588505
6657,2,2,0.3510580617592165,0.28748526516439854,0.361456673076385
6658,0,0,0.4993957188857821,0.23889354379672884,0.261710737317489
6659,2,0,0.40437351165791097,0.27584786860273647,0.31977861973935257
6660,0,0,0.6062773146004622,0.23964296857045767,0.15407971682908017
6661,2,0,0.5129090922962902,0.2534309770967118,0.2336599306069979
6662,2,2,0.07673014749807205,0.16546462118771427,0.7578052313142136
6663,0,2,0.3304824141704183,0.29379741548391536,0.3757201703456663
6664,2,2,0.2448740774970301,0.27092803633764795,0.48419788616532183
6665,0,0,0.3981951815680488,0.24894399906691755,0.35286081936503366
6666,0,0,0.5219249224753978,0.23196345459841686,0.24611162292618544
6667,2,2,0.23537843256913532,0.2554642005712221,0.5091573668596426
6668,2,2,0.19160265602517212,0.2275936721528985,0.5808036718219294
6669,2,2,0.07751582324161299,0.15453003859318235,0.7679541381652047
6670,1,2,0.2539567909357231,0.27785953221518367,0.4681836768490932
6671,1,2,0.2210405714984267,0.25412191173166204,0.5248375167699113
6672,1,0,0.42121096829247906,0.26917556651280733,0.3096134651947138
6673,2,2,0.09344066602072103,0.15630490635529737,0.7502544276239815
6674,0,2,0.15966514289820954,0.22167100133412726,0.6186638557676631
6675,1,2,0.32513404461377415,0.26178998452788615,0.4130759708583397
6676,2,0,0.5257426212661113,0.26456422009657926,0.20969315863730947
6677,2,2,0.3437128239062255,0.28966411855951824,0.3666230575342562
6678,2,2,0.08839430643938981,0.17394268238939126,0.7376630111712189
6679,2,2,0.24118023604828348,0.24869507142810646,0.5101246925236101
6680,2,0,0.509034263495499,0.2391712364602539,0.25179450004424714
6681,2,2,0.0890994273225136,0.16607860789107182,0.7448219647864146
6682,0,2,0.27526983312268366,0.29513526950837066,0.42959489736894557
6683,0,2,0.32070517301377777,0.26387684472320594,0.4154179822630163
6684,2,2,0.11389397042842297,0.19260194320095222,0.6935040863706248
6685,2,2,0.24465953327840306,0.22879493580575191,0.526545530915845
6686,0,0,0.6713467775792987,0.19725240040623299,0.13140082201446837
6687,0,0,0.4195220842057106,0.2742280506823446,0.3062498651119448
6688,1,2,0.23052125511999175,0.269937621337006,0.49954112354300234
6689,1,2,0.3441650389837389,0.2624260045468771,0.393408956469384
6690,2,2,0.2391809612235951,0.24657150786992577,0.5142475309064792
6691,0,2,0.2440872120585545,0.23472995778510844,0.521182830156337
6692,1,2,0.265773426407006,0.2931653785243677,0.44106119506862623
6693,2,2,0.15846948000926453,0.21332612720893762,0.6282043927817978
6694,2,2,0.31182630481337287,0.28969616996202363,0.39847752522460345
6695,2,2,0.06565039223087629,0.13860729722727336,0.7957423105418505
6696,1,2,0.2936305363368769,0.25769216681255014,0.44867729685057295
6697,2,2,0.3241087888212388,0.2773773450868811,0.39851386609188016
6698,0,2,0.21070256162754056,0.23731081173931548,0.5519866266331439
6699,2,0,0.4033753613598606,0.29069566175518796,0.30592897688495146
6700,0,0,0.4428927039238388,0.2606749900594355,0.2964323060167256
6701,0,0,0.644384142121689,0.2067656299541555,0.14885022792415542
6702,0,2,0.18850790200849743,0.24351496275723186,0.5679771352342707
6703,0,0,0.6443977734803857,0.20151189635199113,0.15409033016762308
6704,0,2,0.21825033779465894,0.25040476701989944,0.5313448951854416
6705,0,2,0.2735713362628379,0.248130788501212,0.4782978752359501
6706,2,2,0.179898500051107,0.21854321942797325,0.6015582805209198
6707,1,2,0.3223277113649805,0.2797463924871532,0.3979258961478663
6708,2,2,0.30261009489551194,0.27578808807326755,0.42160181703122057
6709,2,2,0.1915253055719393,0.24015169013615512,0.5683230042919056
6710,2,0,0.5832471579759533,0.24199157665761484,0.17476126536643197
6711,2,2,0.0709082868284379,0.1523751637943853,0.7767165493771769
6712,1,2,0.22134323849557014,0.2403113079744465,0.5383454535299833
6713,2,2,0.11469275330532851,0.20017848148718284,0.6851287652074888
