,Outcome,Prediction,ProbA,ProbD,ProbH
5508,0,0,0.48434591152449274,0.25313260040596774,0.26252148806953957
5509,1,2,0.14634812139206446,0.22121677187452915,0.6324351067334063
5510,1,2,0.2061666914991172,0.24914635350058154,0.5446869550003013
5511,2,2,0.03113486858421859,0.08288432926247097,0.8859808021533104
5512,0,2,0.24693985903493584,0.25462956914351703,0.4984305718215472
5513,2,2,0.18058443261761187,0.24242917359431476,0.5769863937880734
5514,0,2,0.30061207026917547,0.25709855528788816,0.4422893744429363
5515,2,0,0.5678633754232504,0.219142891201528,0.2129937333752217
5516,2,2,0.1477787515911139,0.2231166043937278,0.6291046440151583
5517,0,2,0.30628463978759257,0.2561278427215863,0.4375875174908211
5518,2,2,0.28763046635253053,0.2574273256305775,0.45494220801689206
5519,2,2,0.1912840596146324,0.2517270868490982,0.5569888535362694
5520,0,0,0.6929467887811801,0.1859594121564283,0.12109379906239146
5521,0,0,0.4693671673180003,0.2546272867598325,0.27600554592216714
5522,0,0,0.3793865249018699,0.26450301513020547,0.35611045996792473
5523,2,2,0.13400859427776352,0.21064243099256588,0.6553489747296706
5524,1,2,0.2736883702798713,0.26836907076853594,0.4579425589515927
5525,2,2,0.2979757279847096,0.2555368900331881,0.44648738198210236
5526,2,2,0.2111614564290683,0.25033112229530063,0.538507421275631
5527,2,2,0.152166432556037,0.22496285130841834,0.6228707161355446
5528,0,2,0.3570288059072792,0.2508024914131465,0.3921687026795743
5529,0,2,0.28679465596021675,0.2572950099642148,0.4559103340755684
5530,0,0,0.658436436700685,0.2084387644983809,0.13312479880093409
5531,1,0,0.36205139249943463,0.2834655018432377,0.35448310565732766
5532,0,2,0.30387261476028776,0.27779600806721283,0.41833137717249935
5533,1,2,0.29271359819618414,0.25624643041433415,0.45103997138948176
5534,2,2,0.2852123921217249,0.25804061352744184,0.45674699435083344
5535,1,2,0.16415370243112848,0.24170554809890152,0.5941407494699701
5536,0,2,0.2911761204092879,0.257411233609886,0.45141264598082614
5537,1,2,0.3387021427759179,0.25228945311209466,0.4090084041119874
5538,2,2,0.04733406087988149,0.10984702410595976,0.8428189150141587
5539,1,0,0.47979741187323904,0.2541810830204555,0.2660215051063055
5540,2,2,0.1257193258594223,0.20423370361021317,0.6700469705303647
5541,0,2,0.27754461869067387,0.2571513926913084,0.46530398861801775
5542,2,0,0.38809224607038983,0.2603364697838356,0.35157128414577454
5543,0,2,0.30308595737048555,0.2774542635933295,0.4194597790361849
5544,2,2,0.13585129531050247,0.2137614451802375,0.65038725950926
5545,0,0,0.6291425462843401,0.2285965852992776,0.14226086841638236
5546,0,2,0.3577320928329022,0.2510141863655562,0.39125372080154147
5547,1,2,0.27826458636420226,0.25761148056359373,0.464123933072204
5548,1,0,0.41035827526650936,0.2835209153015661,0.3061208094319245
5549,0,2,0.14175387609071552,0.21686358830760874,0.6413825356016757
5550,0,2,0.2125366841064586,0.25209379524242415,0.5353695206511173
5551,0,2,0.31172546218388597,0.2553287896381156,0.43294574817799847
5552,0,0,0.4536483867296758,0.2567680584242195,0.28958355484610476
5553,2,2,0.1494077242045666,0.23296944327994393,0.6176228325154896
5554,1,0,0.46686191765614915,0.25792783684767256,0.27521024549617823
5555,1,2,0.3651288511649693,0.24727938708195257,0.3875917617530782
5556,1,2,0.15415352133099178,0.22719109717290792,0.6186553814961002
5557,2,2,0.27896114193000016,0.25711055976556135,0.46392829830443844
5558,0,2,0.2629324643939355,0.25655062732606726,0.48051690827999716
5559,2,2,0.11582006070008856,0.1965740312089446,0.6876059080909669
5560,0,0,0.3869831509410846,0.25311175058264984,0.3599050984762655
5561,2,2,0.15271751862042532,0.21443239421409657,0.6328500871654782
5562,2,2,0.29386542212727707,0.2571574097349121,0.44897716813781086
5563,0,0,0.5124359945988068,0.23557642307817167,0.25198758232302143
5564,1,2,0.14100845289507224,0.21680497127708068,0.642186575827847
5565,0,0,0.6586621874845927,0.20803307211063035,0.13330474040477694
5566,1,2,0.18815657756269405,0.2441361402993673,0.5677072821379386
5567,2,2,0.2531339017908176,0.26049106024817775,0.4863750379610047
5568,2,0,0.39774896781200314,0.2433942348721715,0.35885679731582526
5569,1,2,0.27286536420335067,0.25658105741074766,0.47055357838590167
5570,2,2,0.270225581540416,0.256724288203882,0.4730501302557021
5571,2,2,0.2970164549224698,0.2554494479848964,0.4475340970926339
5572,2,2,0.2762710379829496,0.2572608164495726,0.4664681455674779
5573,0,0,0.5626077965190374,0.2167805594655477,0.22061164401541503
5574,2,2,0.03684069479635685,0.09305020211921568,0.8701091030844275
5575,2,2,0.2993072923715312,0.25678860857391,0.44390409905455885
5576,2,2,0.2098664021633235,0.24970906098481024,0.5404245368518662
5577,1,2,0.2005505144154518,0.24798311171503712,0.5514663738695111
5578,2,2,0.17399475675532106,0.23816028836497644,0.5878449548797025
5579,1,0,0.48627664026271533,0.26014181755913857,0.253581542178146
5580,2,0,0.4501067666873353,0.25943997865817214,0.2904532546544926
5581,0,2,0.2781716926525389,0.269991123624488,0.45183718372297305
5582,2,2,0.038509401638245254,0.09560809471598194,0.8658825036457728
5583,2,0,0.3816330274803327,0.2505750948897437,0.36779187762992355
5584,2,2,0.12759973570733013,0.20501480352154025,0.6673854607711296
5585,2,2,0.22357193365737724,0.27057806355104874,0.5058500027915741
5586,2,2,0.24392300370432826,0.2538974255495723,0.5021795707460994
5587,1,2,0.31469118199679713,0.25489477302989383,0.43041404497330904
5588,2,2,0.31014226200660444,0.2555431907548029,0.43431454723859253
5589,1,2,0.28940222332069543,0.25699421061571653,0.4536035660635881
5590,1,2,0.2666728026337175,0.25675276446387946,0.47657443290240303
5591,2,0,0.38667372361129754,0.24574375903473517,0.3675825173539673
5592,0,0,0.6631544680506467,0.2062279421764111,0.13061758977294224
5593,1,2,0.3201171395362766,0.2553882547632592,0.4244946057004641
5594,2,2,0.33376205112431323,0.28503855652376303,0.3811993923519236
5595,0,0,0.40935847246734297,0.27854100128139686,0.31210052625126
5596,2,2,0.09995358769839759,0.1867616121917754,0.7132848001098271
5597,0,2,0.26157042720483553,0.25654180885188155,0.48188776394328287
5598,0,2,0.2659237936495207,0.2566774079489784,0.47739879840150096
5599,2,2,0.14539638123848975,0.22037587862727895,0.6342277401342313
5600,2,2,0.11679292007325433,0.2121532897725597,0.671053790154186
5601,2,2,0.32672182082068196,0.2542507793944579,0.4190273997848602
5602,2,2,0.13861735801475183,0.20478629463615428,0.6565963473490938
5603,2,2,0.3571816924255212,0.2484777511204693,0.39434055645400956
5604,1,2,0.1349417134100372,0.21243690528285544,0.6526213813071073
5605,2,2,0.30305880721939227,0.2562560331370971,0.44068515964351057
5606,0,2,0.2929757767388974,0.25693425649392815,0.4500899667671744
5607,2,2,0.2883737731672051,0.2570092829605363,0.4546169438722587
5608,0,0,0.7143006476990981,0.1705196555420636,0.11517969675883835
5609,2,2,0.14892207431058635,0.22428338184086483,0.6267945438485488
5610,2,2,0.20893545492306295,0.24987010040944344,0.5411944446674936
5611,0,2,0.3680613636086317,0.2574380594021494,0.3745005769892189
5612,0,0,0.4660691963529901,0.25792802973907486,0.27600277390793515
5613,2,0,0.48131731656404786,0.25446421680576037,0.26421846663019166
5614,0,0,0.46952465433386387,0.2634394923202477,0.2670358533458885
5615,2,2,0.3742117137638092,0.2458015236872695,0.3799867625489214
5616,0,0,0.4723722697722081,0.25479854799752294,0.272829182230269
5617,2,2,0.1535559003327628,0.2149629068707252,0.631481192796512
5618,0,2,0.29456978898912267,0.256749799438407,0.44868041157247035
5619,0,2,0.2849065101870502,0.2574952676263232,0.45759822218662655
5620,2,2,0.12753626870781173,0.2058893730350459,0.6665743582571423
5621,2,2,0.17065103013992697,0.2514730376103096,0.5778759322497635
5622,1,2,0.367336889416201,0.2597566257322718,0.3729064848515271
5623,0,0,0.4472874672500884,0.2606624768268108,0.29205005592310074
5624,1,2,0.28156832047846836,0.257579656368614,0.4608520231529176
5625,0,2,0.2038903099097016,0.2479529073725246,0.5481567827177738
5626,0,2,0.3633439195827814,0.2484883803460083,0.38816770007121026
5627,2,2,0.0902754644984945,0.1785793413352965,0.731145194166209
5628,1,2,0.14578070780220673,0.22148718593732378,0.6327321062604695
5629,2,2,0.14317888271790224,0.21879812220472775,0.63802299507737
5630,2,0,0.43957011785239514,0.29439704880024764,0.26603283334735717
5631,2,2,0.2884906136802044,0.25671196912357114,0.4547974171962245
5632,2,2,0.28839313687282936,0.25781020508400904,0.45379665804316155
5633,2,2,0.12791042599242858,0.20570559332261318,0.6663839806849582
5634,0,0,0.4240057295559402,0.23827361721086343,0.33772065323319633
5635,2,2,0.0412763487020587,0.1004910923220611,0.8582325589758802
5636,1,2,0.15821885338803082,0.24600992067277755,0.5957712259391916
5637,0,0,0.4609230593228133,0.26157193885672275,0.27750500182046395
5638,0,0,0.47039834940713193,0.2565344630756001,0.273067187517268
5639,0,0,0.49462040793472695,0.2555424565016953,0.24983713556357778
5640,2,0,0.4670451230718079,0.25402867619702446,0.2789262007311677
5641,2,2,0.311240664904148,0.25591200818862625,0.43284732690722577
5642,1,2,0.2933711977301925,0.2568405550715959,0.44978824719821164
5643,0,2,0.2804568895160292,0.2576981950589309,0.46184491542503997
5644,2,2,0.19504942294658487,0.24297134470018014,0.561979232353235
5645,0,0,0.6254944387067101,0.23040871381063896,0.14409684748265097
5646,2,2,0.14470368190122124,0.2210081061774221,0.6342882119213568
5647,1,2,0.28565749602476953,0.2570702926789976,0.4572722112962328
5648,2,2,0.05779087298014632,0.14867008210909707,0.7935390449107567
5649,0,2,0.06631143058006175,0.14581334577178043,0.7878752236481579
5650,0,2,0.28724263254391147,0.25720650865180883,0.4555508588042796
5651,0,2,0.13570206245484642,0.21283617420078424,0.6514617633443693
5652,2,2,0.2971026676958242,0.25643050904400677,0.4464668232601689
5653,0,2,0.30864606590827354,0.25576528268303445,0.435588651408692
5654,1,2,0.3504906995711814,0.2493686665237057,0.40014063390511295
5655,2,0,0.47146742414408627,0.255745950294542,0.2727866255613716
5656,2,2,0.08118762019560374,0.15519313517541378,0.7636192446289825
5657,1,0,0.4747072251250973,0.2596598314070006,0.26563294346790206
5658,0,2,0.29468726901547254,0.25729338023584836,0.4480193507486792
5659,1,0,0.5603118104478509,0.20965161570692842,0.23003657384522072
5660,0,0,0.4660275495875888,0.25971758542075685,0.27425486499165436
5661,2,2,0.13430213041592784,0.21311318526001757,0.6525846843240546
5662,2,2,0.21079433221997468,0.24719064922349362,0.5420150185565318
5663,0,2,0.2820821875932808,0.2576381216136764,0.4602796907930429
5664,2,2,0.30618786583179164,0.2563906642442708,0.4374214699239375
5665,2,0,0.48448874872977526,0.25511834349276913,0.2603929077774556
5666,1,2,0.28492586335205966,0.27232773090849155,0.44274640573944885
5667,1,0,0.6385500076624341,0.2214852933296108,0.13996469900795502
5668,2,2,0.2791755295951398,0.2536637267620328,0.4671607436428275
5669,2,2,0.27433345360820005,0.2574708924351845,0.46819565395661533
5670,1,2,0.2967785902062682,0.25672340285927847,0.44649800693445335
5671,2,2,0.17028209085479082,0.2551941982244611,0.5745237109207482
5672,0,2,0.2810084678177956,0.2576575167896779,0.4613340153925266
5673,2,2,0.038616130905998455,0.09589782991291788,0.8654860391810836
5674,0,2,0.2801162052197683,0.2575039659822165,0.46237982879801515
5675,2,2,0.2847708001457108,0.2721096174823997,0.44311958237188953
5676,2,0,0.5274323879719441,0.2320431298547328,0.24052448217332303
5677,0,2,0.19389548266819262,0.24304189401659482,0.5630626233152125
5678,0,2,0.3154713336915006,0.2555682037236982,0.42896046258480114
5679,2,2,0.37532006962357656,0.24428788397284915,0.38039204640357427
5680,2,2,0.14368163537983397,0.21966963226130545,0.6366487323588605
5681,2,2,0.19673449221207528,0.24575234563679302,0.5575131621511317
5682,1,2,0.28783389971660384,0.2732472108337027,0.43891888944969354
5683,0,2,0.24867772446326766,0.25437190020449446,0.49695037533223774
5684,2,2,0.2919528873918199,0.2573265008529351,0.4507206117552449
5685,2,0,0.4835450991822595,0.25468325302630945,0.26177164779143103
5686,2,2,0.023591361026424684,0.07088851204559567,0.9055201269279797
5687,2,2,0.2708576934814571,0.25705615228810297,0.4720861542304398
5688,0,0,0.384644522407937,0.2558344931548905,0.3595209844371725
5689,2,2,0.05622897027550131,0.14389991488722761,0.799871114837271
5690,1,2,0.15208954413671102,0.22509810055116397,0.622812355312125
5691,2,0,0.4631611898570583,0.25782684806076706,0.27901196208217477
5692,2,2,0.31557227859462567,0.25551483731184,0.4289128840935343
5693,2,2,0.30374482119311896,0.25638827231963573,0.43986690648724536
5694,2,2,0.36139345416288715,0.24877547189208932,0.3898310739450235
5695,2,0,0.45977940308086,0.25830899101278154,0.28191160590635844
5696,1,0,0.6639867465932656,0.2063248531394574,0.12968840026727696
5697,2,2,0.29515413841882354,0.2573483708060901,0.4474974907750865
5698,2,2,0.18938076946589325,0.24537692142656137,0.5652423091075455
5699,1,0,0.4715820163368931,0.29215676027874127,0.2362612233843656
5700,2,2,0.19097202337691524,0.24622388094123168,0.5628040956818531
5701,2,2,0.15463282368844244,0.22698044137023438,0.6183867349413231
5702,2,2,0.13947970216035055,0.21704273090733833,0.6434775669323112
5703,2,2,0.2973048627946577,0.2567078023575468,0.44598733484779557
5704,0,2,0.34536663551295615,0.24829803277900314,0.4063353317080406
5705,2,0,0.4743429432131698,0.2592175347765746,0.2664395220102557
5706,0,2,0.30722829509342703,0.2561746014228839,0.43659710348368913
5707,0,0,0.5290991919122456,0.22970216140066646,0.24119864668708788
5708,1,2,0.31187968667057486,0.25534888522304156,0.4327714281063836
5709,1,2,0.3075960630048145,0.2553795214099065,0.43702441558527894
5710,0,2,0.14641197733230182,0.2404400779811713,0.6131479446865269
5711,0,0,0.4511362195655617,0.2621035876651645,0.28676019276927384
5712,0,0,0.4622984111917799,0.2575614872943927,0.28014010151382746
5713,1,2,0.1519648817665462,0.2138463748664938,0.6341887433669601
5714,2,0,0.3849684450952355,0.2608282972642099,0.3542032576405545
5715,1,0,0.39111443453229816,0.2442522413607866,0.3646333241069151
5716,0,0,0.6388998645682794,0.2222499697605536,0.13885016567116706
5717,0,2,0.24617153538894454,0.2543948275018913,0.499433637109164
5718,2,2,0.13461481125851424,0.2131899541780449,0.6521952345634409
5719,2,2,0.11994026593222325,0.2119817459218344,0.6680779881459422
5720,2,2,0.13613474850096102,0.21364905167334686,0.6502161998256921
5721,2,2,0.2690289831238736,0.2570716952960004,0.4738993215801261
5722,2,2,0.14987425922592687,0.22325817205816814,0.626867568715905
5723,1,2,0.3161361180390181,0.2552205172582555,0.42864336470272635
5724,0,0,0.46077006251955693,0.26128142745530303,0.27794851002514004
5725,2,2,0.030157739856512874,0.0812363245684159,0.8886059355750713
5726,2,2,0.3026502222471818,0.25604486567443574,0.44130491207838246
5727,2,2,0.15191801444346015,0.2398401567740336,0.6082418287825062
5728,2,2,0.07400170758285558,0.16500856477219666,0.7609897276449477
5729,1,2,0.31097335074107585,0.25561451701573884,0.43341213224318537
5730,1,2,0.2978482442389032,0.2762151311877639,0.425936624573333
5731,1,0,0.38821826773549745,0.2584882735493558,0.35329345871514684
5732,2,2,0.1409527211132754,0.21732624173717363,0.641721037149551
5733,2,2,0.3593622313518207,0.25035450034554846,0.3902832683026308
5734,0,2,0.14659774721859514,0.22031979506344182,0.633082457717963
5735,0,2,0.05545805213671352,0.14440744326550706,0.8001345045977795
5736,2,0,0.4556721395528036,0.2618861997555615,0.28244166069163495
5737,0,2,0.3022666367919133,0.2551505011180014,0.4425828620900853
5738,2,0,0.38348001068064674,0.28319004059186786,0.33332994872748545
5739,0,2,0.28381261641787076,0.25720461403936484,0.4589827695427645
5740,2,2,0.282717519378106,0.25792677435452566,0.4593557062673683
5741,0,0,0.6461843713707098,0.21733785287265303,0.13647777575663705
5742,2,2,0.21186256085249683,0.25641493653251307,0.5317225026149901
5743,1,0,0.45729745200939614,0.25921586980060946,0.28348667818999435
5744,0,0,0.3996868850132467,0.2428512093817181,0.35746190560503516
5745,2,2,0.1365192426302412,0.2141908329947876,0.6492899243749711
5746,2,2,0.15887726595189353,0.2353672042488668,0.6057555297992395
5747,2,0,0.46653414541773564,0.2923837154073061,0.24108213917495827
5748,1,2,0.3101420779493312,0.25468595918365405,0.43517196286701487
5749,2,0,0.4683184790491341,0.2560742963955998,0.2756072245552661
5750,2,2,0.27835371004964066,0.25728724763704447,0.46435904231331476
5751,2,2,0.14654327727422595,0.23385759202371492,0.6195991307020591
5752,0,2,0.3049397796129879,0.2580271419173725,0.43703307846963946
5753,1,2,0.2173561783350062,0.2513286274535948,0.5313151942113991
5754,0,2,0.27619838446348594,0.2566894720686351,0.46711214346787894
5755,0,0,0.47146589082930523,0.2534377471531098,0.27509636201758497
5756,1,2,0.37228868699912243,0.24765413165283637,0.3800571813480412
5757,0,2,0.288282703781156,0.25718311612262373,0.4545341800962202
5758,2,2,0.30467627000410263,0.2779400401484012,0.41738368984749613
5759,2,2,0.042025781561798294,0.1017764438950429,0.8561977745431589
5760,2,2,0.2871675288923981,0.2574724127762961,0.4553600583313057
5761,1,0,0.48602666181030324,0.22400417978854992,0.28996915840114695
5762,2,2,0.2420822885643342,0.2535688088605836,0.5043489025750822
5763,2,2,0.25229172770612773,0.25532367715835136,0.49238459513552096
5764,0,0,0.43035735240971845,0.2695046032379478,0.30013804435233377
5765,2,0,0.47782052580366013,0.2530921894251705,0.26908728477116933
5766,1,0,0.46401692806710426,0.2926067015623335,0.24337637037056228
5767,0,0,0.4669156066384083,0.2567101321577191,0.2763742612038727
5768,2,2,0.1829510297774285,0.2490461021486559,0.5680028680739155
5769,1,2,0.2978396979823774,0.2558825249284065,0.44627777708921595
5770,2,2,0.13117493657554452,0.21103896444142595,0.6577860989830295
5771,0,2,0.19802811214288998,0.2504903007932391,0.5514815870638708
5772,2,2,0.15398225951158181,0.22556413828708596,0.6204536022013322
5773,1,2,0.36305266956950133,0.24963599384586901,0.38731133658462963
5774,1,2,0.16042914090624785,0.2292022156061477,0.6103686434876044
5775,2,2,0.0216464565595117,0.06963555083603756,0.9087179926044509
5776,1,0,0.4609805069593365,0.25650315631575865,0.2825163367249048
5777,2,2,0.25648234572238066,0.2550651497647127,0.4884525045129066
5778,2,0,0.45657363553490066,0.2619107383373469,0.2815156261277525
5779,2,2,0.28639277443858097,0.2569395477584289,0.45666767780299
5780,2,2,0.19598582278846421,0.2423507833779277,0.5616633938336081
5781,0,0,0.4433826228427999,0.26592279741044006,0.29069457974676005
5782,2,2,0.14340528370490999,0.219655048895294,0.636939667399796
5783,2,2,0.14786994062799486,0.24391348100143398,0.6082165783705712
5784,1,2,0.3479079060492209,0.25156322486259663,0.4005288690881826
5785,2,2,0.34733292309838043,0.25237994267910274,0.4002871342225168
5786,2,2,0.042285846912982636,0.1017302502039752,0.8559839028830422
5787,2,2,0.29086089159031553,0.274167668332234,0.43497144007745053
5788,2,2,0.22285502866834475,0.2543580679474013,0.5227869033842539
5789,2,0,0.38528606110026314,0.2390607117004766,0.37565322719926036
5790,1,2,0.14516156163940727,0.22011547806706463,0.634722960293528
5791,0,0,0.48971239040960257,0.2513918503997938,0.2588957591906037
5792,2,2,0.20059105857764006,0.2540895450694359,0.545319396352924
5793,2,2,0.2593780391207245,0.2562025575796096,0.4844194032996659
5794,0,0,0.6029583391907699,0.24547328767167526,0.15156837313755472
5795,2,2,0.31449646489925853,0.25562320462580485,0.4298803304749366
5796,2,2,0.13678618282829647,0.21469938801499225,0.6485144291567112
5797,2,0,0.5505894224284482,0.2706986024417932,0.17871197512975856
5798,0,2,0.14248525484085842,0.21734078794205317,0.6401739572170885
5799,2,2,0.1687018481900112,0.24009184915451717,0.5912063026554716
5800,2,2,0.12950070189620888,0.2089529609730436,0.6615463371307474
5801,0,2,0.2517200431960326,0.25548045640396316,0.4927995004000042
5802,2,2,0.06094546464947802,0.15797621698139588,0.7810783183691261
5803,0,2,0.24681613865720423,0.25377105194833344,0.4994128093944624
5804,0,2,0.29245608060459966,0.2572947946593004,0.4502491247361
5805,2,2,0.3012693857273038,0.25790579732705177,0.44082481694564446
5806,2,0,0.3836810789958005,0.25308270535941685,0.36323621564478265
5807,2,2,0.30596539293427255,0.25688950262259685,0.43714510444313065
5808,0,0,0.546263332725855,0.22341082231590464,0.2303258449582402
5809,0,0,0.5711434362871546,0.20716009197794805,0.22169647173489737
5810,1,2,0.30532278823940484,0.25540433025998777,0.43927288150060745
5811,2,2,0.041972830665543345,0.10179156314990163,0.8562356061845551
5812,2,0,0.48798614983962413,0.25176128391539404,0.260252566244982
5813,0,0,0.45347093061901284,0.26143173235547806,0.2850973370255091
5814,0,2,0.31023438349746724,0.25624542095823516,0.43352019554429755
5815,0,2,0.2924432742213431,0.25787642771312885,0.449680298065528
5816,1,2,0.291844367532017,0.2744633181417318,0.43369231432625116
5817,1,0,0.48764796196905663,0.2889284149660305,0.22342362306491279
5818,2,2,0.2336315853071789,0.2533508862204456,0.5130175284723755
5819,0,0,0.47561980393374664,0.25549364008884823,0.2688865559774052
5820,1,2,0.07127802055690326,0.15821307965521114,0.7705088997878855
5821,0,2,0.24222326366039232,0.2535019680085134,0.5042747683310943
5822,2,2,0.11937555875847324,0.21280004131146435,0.6678243999300625
5823,2,0,0.3904768356510611,0.24346432950666902,0.3660588348422699
5824,0,0,0.41828574511852173,0.2650987099321869,0.3166155449492914
5825,2,2,0.14859351004986843,0.22276604798940894,0.6286404419607226
5826,0,0,0.4409895060107658,0.26623927948682313,0.2927712145024111
5827,1,2,0.36118485164651876,0.2501293455592893,0.3886858027941919
5828,1,2,0.2896411213666385,0.27372899281535973,0.4366298858180018
5829,0,0,0.405519510203462,0.2429615045594751,0.3515189852370628
5830,2,2,0.2923426130594184,0.2568278164654594,0.45082957047512234
5831,2,2,0.04675304808905875,0.1091439561409168,0.8441029957700246
5832,2,2,0.13588798488919016,0.21402575840395102,0.6500862567068587
5833,0,2,0.17761256879768703,0.24346829420538457,0.5789191369969284
5834,0,0,0.45462546473716126,0.2615600043126253,0.2838145309502135
5835,2,0,0.47211748520253954,0.25773362540365335,0.27014888939380705
5836,0,0,0.40090992178267465,0.2413759370870786,0.35771414113024674
5837,1,2,0.11693220297953844,0.20199593208631364,0.681071864934148
5838,1,2,0.2103573522429039,0.25305350246771435,0.5365891452893817
5839,1,2,0.13751755413968586,0.21458728754779172,0.6478951583125224
5840,0,0,0.6428784732268287,0.2184094314676582,0.13871209530551326
5841,2,2,0.26613180988798496,0.25637722052624323,0.4774909695857718
5842,1,0,0.46961461306077995,0.2567752873817018,0.27361009955751836
5843,1,2,0.261313957616353,0.26432191916236536,0.4743641232212816
5844,0,2,0.33466140061235344,0.2515829240759724,0.41375567531167406
5845,0,2,0.3030218208898448,0.2563619270785856,0.4406162520315696
5846,1,2,0.20589637374532513,0.25414750363025324,0.5399561226244216
5847,0,2,0.27877531457304433,0.25732428588556205,0.46390039954139367
5848,1,2,0.0647402000864091,0.14956488129241116,0.7856949186211798
5849,0,2,0.2707570908385025,0.2572534800111454,0.4719894291503521
5850,2,2,0.2971817843140635,0.2574122078419097,0.4454060078440268
5851,2,2,0.1473570566291483,0.22410075969507517,0.6285421836757766
5852,0,0,0.5301664394788065,0.2289645659260314,0.24086899459516217
5853,2,2,0.19803641005200728,0.24369528817621497,0.5582683017717778
5854,0,0,0.44218430967671135,0.26823276383429834,0.28958292648899037
5855,0,0,0.671907301146775,0.19648097321499516,0.13161172563822973
5856,2,2,0.31065267839762045,0.2794368445538958,0.40991047704848377
5857,2,2,0.12431511606472921,0.21540208668653918,0.6602827972487316
5858,2,2,0.2923313633167327,0.25753794623056686,0.4501306904527003
5859,2,2,0.16237931776215891,0.22027991945266012,0.617340762785181
5860,2,2,0.3025442989247,0.2556281949016375,0.4418275061736624
5861,2,2,0.22929375548127784,0.25309134015382845,0.5176149043648938
5862,2,2,0.14612447116550414,0.22016919048661304,0.6337063383478828
5863,2,2,0.31561534255426754,0.2560631986725333,0.42832145877319927
5864,0,0,0.5229222709038899,0.22587584184259082,0.2512018872535192
5865,0,2,0.1570626437449323,0.22947055412966766,0.6134668021254001
5866,2,2,0.2878060471766214,0.2615995869848848,0.4505943658384938
5867,2,2,0.293159212451165,0.25731033895328576,0.44953044859554925
5868,2,2,0.28175424873667065,0.25779552539093653,0.4604502258723929
5869,2,2,0.06839734071905862,0.15805944779257627,0.7735432114883652
5870,1,2,0.12930757506019713,0.20859047319089022,0.6621019517489127
5871,1,0,0.4806218417836426,0.2548472010322881,0.26453095718406944
5872,0,0,0.373264524757414,0.2591253866328012,0.3676100886097848
5873,1,2,0.15098123557192272,0.21370187009648237,0.6353168943315949
5874,2,2,0.04374914187847077,0.10459616296621861,0.8516546951553107
5875,2,2,0.06733962887177196,0.16086776529303706,0.771792605835191
5876,0,2,0.1927200751834669,0.2407782356795989,0.5665016891369341
5877,2,2,0.29806648312017314,0.25654885886210177,0.44538465801772503
5878,0,0,0.4669826935468021,0.2599761958558152,0.27304111059738256
5879,2,2,0.14094451969969762,0.21770452800116558,0.6413509522991369
5880,1,2,0.25238009498217046,0.2633568229191006,0.48426308209872887
5881,0,0,0.517564101562448,0.23672551658354737,0.24571038185400462
5882,2,2,0.33216872361057215,0.2536019524419261,0.4142293239475018
5883,0,0,0.635766125867701,0.22273152207178223,0.14150235206051667
5884,2,2,0.20833667360811486,0.2535288232366145,0.5381345031552706
5885,2,2,0.26207521599718037,0.2646345525721805,0.47329023143063925
5886,2,2,0.2258530253197176,0.2527599080522854,0.521387066627997
5887,2,2,0.28200055684532943,0.2577113240822641,0.46028811907240647
5888,2,0,0.5032292035850727,0.2289856108800472,0.2677851855348801
5889,2,2,0.1321868599023488,0.21096256320217785,0.6568505768954733
5890,2,2,0.13452450818445785,0.21180711926812343,0.6536683725474187
5891,0,0,0.46612420624745604,0.2570714727349875,0.27680432101755664
5892,2,0,0.5616026136059774,0.21730663598666583,0.2210907504073567
5893,2,2,0.041093279386881135,0.10026195128969032,0.8586447693234286
5894,1,0,0.37282132827136905,0.26547831696813706,0.3617003547604939
5895,0,0,0.3957551151041371,0.28407564032682203,0.32016924456904094
5896,0,0,0.5166258056151641,0.23571123567801314,0.24766295870682262
5897,0,2,0.17763533786032032,0.24202397318774638,0.5803406889519334
5898,2,0,0.6584530326865725,0.20759660995088366,0.13395035736254385
5899,0,0,0.4765264858216961,0.25543024379305806,0.2680432703852457
5900,2,2,0.292059412158133,0.2568125316042567,0.4511280562376103
5901,2,2,0.1771761337107818,0.24868445073221812,0.5741394155570001
5902,2,2,0.18621823094674186,0.24699610071982153,0.5667856683334366
5903,1,2,0.14806747171216791,0.2215005406586202,0.6304319876292119
5904,2,2,0.166830695633341,0.23769295746183627,0.5954763469048228
5905,2,2,0.17759081862519935,0.2408634622154733,0.5815457191593274
5906,2,2,0.36209169008632547,0.2501348096760446,0.38777350023762985
5907,0,2,0.13073785552033282,0.20949932987572603,0.659762814603941
5908,2,2,0.2786461009560227,0.25763900834837333,0.46371489069560384
5909,1,2,0.13580280780510645,0.21191975151676642,0.6522774406781272
5910,0,2,0.08731287244814966,0.1608258898094062,0.7518612377424442
5911,0,2,0.3442272178360047,0.25284955575623175,0.4029232264077635
5912,2,2,0.3004497077364859,0.27688677227659625,0.4226635199869178
5913,0,0,0.46639886641827766,0.256707171070428,0.27689396251129444
5914,2,2,0.37103255689718945,0.24639049626979018,0.38257694683302035
5915,1,0,0.6891328513394054,0.18247589153322097,0.1283912571273735
5916,2,2,0.3516071726642077,0.28095633204514114,0.3674364952906511
5917,2,0,0.4641038593693458,0.25743736787005655,0.27845877276059766
5918,2,2,0.3212219894717807,0.25576705817142,0.4230109523567992
5919,2,2,0.1896109955748251,0.25285428699292484,0.5575347174322501
5920,0,0,0.4710568400784673,0.2548594970539149,0.27408366286761776
5921,1,0,0.48401888502256357,0.2570687090383427,0.2589124059390937
5922,0,2,0.15158392582107394,0.22483768302169144,0.6235783911572346
5923,2,2,0.0557509019051771,0.1359854243183168,0.8082636737765061
5924,2,2,0.36948196876048633,0.24843380639460227,0.38208422484491145
5925,2,2,0.2621279712147134,0.2565479056094717,0.4813241231758149
5926,2,2,0.1379775753058576,0.21543067087032644,0.646591753823816
5927,2,2,0.15639913661366048,0.23091999015825357,0.612680873228086
5928,2,0,0.5916222514700656,0.2471411476268369,0.16123660090309747
5929,2,2,0.09599206784040246,0.1828341591786183,0.7211737729809793
5930,2,2,0.18682013759726712,0.24616963802448194,0.567010224378251
5931,0,0,0.4056463050135819,0.25468922006280287,0.3396644749236152
5932,2,2,0.15163236492637,0.22392705072442345,0.6244405843492066
5933,2,2,0.1927997054702042,0.2525120508710281,0.5546882436587677
5934,1,2,0.32355422628990765,0.2550438426430454,0.4214019310670468
5935,1,0,0.4561925852366013,0.26378214087183294,0.2800252738915657
5936,2,2,0.18663977808905202,0.23385749076333545,0.5795027311476125
5937,1,2,0.3503228165366049,0.24925381736689273,0.40042336609650236
5938,2,0,0.5407840243251985,0.21875223486773435,0.24046374080706717
5939,2,0,0.44914783519632134,0.2549193334345658,0.2959328313691129
5940,2,2,0.25720017539762924,0.2622561168369534,0.4805437077654174
5941,2,2,0.13934321515695017,0.22642574491007014,0.6342310399329796
5942,2,0,0.3926936992127934,0.24317679251989402,0.3641295082673126
5943,2,2,0.2760194458419895,0.2574790844373782,0.46650146972063233
5944,0,2,0.33690654825541166,0.28352613766786466,0.3795673140767237
5945,0,2,0.22944560099327196,0.2540147367691932,0.5165396622375349
5946,2,2,0.1718321014005359,0.23994792501952378,0.5882199735799404
5947,2,2,0.13506104878551245,0.2125204752136755,0.652418476000812
5948,1,0,0.6264540784136284,0.22605158780032694,0.1474943337860447
5949,0,2,0.16234229321735863,0.22938334496212387,0.6082743618205175
5950,1,0,0.4364792357776348,0.25745748342769864,0.30606328079466655
5951,2,2,0.02528162758091654,0.0760134343616322,0.8987049380574512
5952,2,2,0.2947024166707655,0.25638051271669865,0.448917070612536
5953,0,0,0.40753918375655823,0.25689218562798416,0.3355686306154576
5954,1,2,0.33597057247063633,0.2839882306639429,0.3800411968654207
5955,0,2,0.2495919849655402,0.2551496853368291,0.4952583296976307
5956,0,0,0.5345365788057895,0.2357457305578152,0.22971769063639527
5957,1,0,0.40197372167112105,0.24247968040964857,0.3555465979192303
5958,0,2,0.15553939204203693,0.2237187763380883,0.6207418316198748
5959,1,2,0.30149400185523767,0.25645581549545265,0.4420501826493097
5960,2,2,0.28775099237801754,0.26160633029813163,0.4506426773238509
5961,0,2,0.28216798813333066,0.25711480350588134,0.46071720836078783
5962,0,2,0.3040183792291483,0.2765645277581638,0.41941709301268776
5963,2,2,0.16996223249466821,0.2509286379983795,0.5791091295069523
5964,2,0,0.44329204025183006,0.2944643928136124,0.2622435669345575
5965,2,0,0.36228757957722096,0.28399956997558734,0.35371285044719164
5966,0,2,0.24719705856187354,0.25450493654762474,0.49829800489050174
5967,2,0,0.4789819165567373,0.23968350194973764,0.2813345814935251
5968,1,2,0.13994786822929456,0.215031488616343,0.6450206431543625
5969,2,2,0.040352785973617016,0.09944942641667588,0.860197787609707
5970,2,0,0.4940566552471595,0.2226901897210721,0.28325315503176834
5971,1,2,0.13784610248670925,0.22375521889875913,0.6383986786145317
5972,2,2,0.14373577121200973,0.22017746568189808,0.6360867631060921
5973,2,2,0.28331452741988333,0.2576585654588738,0.459026907121243
5974,0,0,0.48315260198671717,0.25399105030800007,0.26285634770528293
5975,2,2,0.14596824507570036,0.22241894889967834,0.6316128060246212
5976,1,2,0.28953287446875664,0.2564884792018964,0.45397864632934704
5977,0,0,0.5279464616921018,0.2276599445228641,0.24439359378503417
5978,2,2,0.29932337284140137,0.2765369680075577,0.42413965915104085
5979,1,2,0.17364851673921808,0.24100273533903355,0.5853487479217483
5980,0,2,0.23819088904988722,0.2662381047355621,0.49557100621455075
5981,1,0,0.6461806522175176,0.2142691940149343,0.13955015376754815
5982,2,2,0.062242382337048624,0.15416097986902222,0.7835966377939291
5983,2,2,0.30244979391797444,0.2564494526753127,0.44110075340671273
5984,2,2,0.23276171720280875,0.2537080216740731,0.5135302611231182
5985,2,2,0.29974277340158667,0.2561324278094105,0.44412479878900285
5986,0,2,0.19846947050006344,0.24256747570146248,0.558963053798474
5987,0,0,0.47549426959516744,0.25825711382430516,0.2662486165805273
5988,0,2,0.328397335043701,0.25237285632190126,0.4192298086343978
5989,1,2,0.2532130155245879,0.26031495194528187,0.48647203253013027
5990,1,2,0.14808021544192498,0.22308117726256177,0.6288386072955132
5991,2,0,0.4557234423816634,0.2614900429644499,0.2827865146538868
5992,1,2,0.21071461466522598,0.24689242558770488,0.5423929597470691
5993,1,2,0.12491050200913457,0.19440725080377347,0.6806822471870919
5994,2,2,0.12944505802217238,0.2165537973281449,0.6540011446496828
5995,1,0,0.4593332302818318,0.25679261034556305,0.28387415937260513
5996,2,2,0.13231466764069122,0.20994885690682752,0.6577364754524813
5997,2,2,0.07465859180843769,0.17854338990209503,0.7467980182894673
5998,2,2,0.31343313304653336,0.2554548012203181,0.4311120657331484
5999,2,2,0.22472563230591383,0.24946306486179048,0.5258113028322957
6000,2,0,0.5450273342488088,0.22527871450112205,0.22969395125006917
6001,1,2,0.29164489453572545,0.25667906387826794,0.4516760415860066
6002,2,0,0.4611486123657813,0.2926292717202609,0.24622211591395787
6003,2,2,0.1934674356279296,0.24932379142778782,0.5572087729442826
6004,2,0,0.44753507343272286,0.2615183104247012,0.29094661614257594
6005,1,2,0.13387791102746396,0.21206350288643938,0.6540585860860967
6006,2,2,0.07338174472378779,0.14624717911915122,0.780371076157061
6007,1,2,0.3508329613314283,0.24920386782362108,0.39996317084495064
6008,2,0,0.4403448298566047,0.257575777360114,0.3020793927832813
6009,2,2,0.37194268621132476,0.24680498725753355,0.3812523265311417
6010,2,2,0.3022785193808218,0.25622614503854246,0.4414953355806358
6011,2,2,0.2411916434114116,0.2622937196094548,0.4965146369791336
6012,0,0,0.6385019885802778,0.21947057358278615,0.14202743783693594
6013,1,2,0.3672596558054409,0.24819768728837122,0.38454265690618794
6014,2,2,0.31596935527543263,0.28051807642190363,0.4035125683026637
6015,2,2,0.09596477928623173,0.18315353139613127,0.720881689317637
6016,0,0,0.39583968388196855,0.24369704116301627,0.3604632749550153
6017,1,2,0.22586336653843783,0.25019404503055864,0.5239425884310035
6018,0,0,0.4801644076732127,0.25701390655413997,0.2628216857726474
6019,0,2,0.21848809174170844,0.27124985262837203,0.5102620556299196
6020,2,2,0.3292968134699888,0.2549477417627982,0.41575544476721293
6021,2,2,0.06527397797803708,0.1471221612506152,0.7876038607713478
6022,1,2,0.13523730206461673,0.21317398600196166,0.6515887119334216
6023,0,2,0.268621253578272,0.2569958615555308,0.4743828848661972
6024,2,0,0.446602815744794,0.2560833081330994,0.29731387612210675
6025,2,2,0.18634358787271194,0.24395627679541845,0.5697001353318697
6026,0,0,0.46014799052401256,0.29249252851762625,0.2473594809583613
6027,2,0,0.4610670309904367,0.2581468247000714,0.2807861443094919
6028,2,2,0.2621250266690619,0.2555629374776138,0.48231203585332416
6029,1,2,0.30188864735971177,0.2562922542240123,0.441819098416276
6030,1,2,0.169674478890273,0.24304569991376077,0.5872798211959662
6031,2,0,0.45772592569803555,0.25635324644221275,0.2859208278597518
6032,0,2,0.33589634429738835,0.28340424087759014,0.38069941482502145
6033,2,2,0.34973741817853204,0.2499299398129854,0.4003326420084825
6034,1,2,0.17653280122485945,0.2284284583971371,0.5950387403780034
6035,2,0,0.38620214335945485,0.2453603134883577,0.3684375431521873
6036,0,2,0.2166759988142072,0.2519380528785484,0.5313859483072444
6037,1,2,0.3676948653125819,0.24862121956240824,0.38368391512500993
6038,2,2,0.17677310483434716,0.2414127635276637,0.5818141316379892
6039,2,2,0.29497024127442173,0.25738261216298564,0.4476471465625926
6040,2,2,0.2722819104355032,0.26827620248080275,0.45944188708369404
6041,0,2,0.2672432976033114,0.26624636762117765,0.46651033477551096
6042,2,2,0.18472569819209866,0.25242783261259993,0.5628464691953015
6043,2,2,0.15842763545051308,0.2261811898948183,0.6153911746546686
6044,2,2,0.2044595152890086,0.24867063657297084,0.5468698481380206
6045,0,0,0.619452135268883,0.23116824934310523,0.14937961538801178
6046,2,2,0.15717701282293794,0.22686442536401047,0.6159585618130516
6047,0,0,0.48245318328655423,0.2572699271434716,0.2602768895699742
6048,2,2,0.08797185337064167,0.18635836187559063,0.7256697847537678
6049,0,2,0.28040335472069833,0.2577425790843257,0.461854066194976
6050,2,2,0.25871300759859106,0.25613231800795083,0.48515467439345816
6051,0,0,0.5338118587568833,0.22268338857551148,0.24350475266760516
6052,0,0,0.6170932661947968,0.23209173726565435,0.1508149965395488
6053,0,0,0.5096729299279078,0.23552467756378057,0.2548023925083116
6054,1,2,0.27482557199537955,0.2573679502209378,0.46780647778368273
6055,1,2,0.1811232659972371,0.24395762001667173,0.5749191139860911
6056,2,2,0.06661104205596197,0.15993922883499098,0.773449729109047
6057,2,2,0.047431401635804685,0.11092079952074685,0.8416477988434484
6058,0,0,0.5609586293383075,0.218514394881729,0.2205269757799635
6059,0,2,0.3079819881680784,0.2555080717502847,0.4365099400816369
6060,1,2,0.2441451968577699,0.25743841292870095,0.4984163902135292
6061,2,2,0.2930661268150409,0.25809141890678605,0.448842454278173
6062,2,2,0.09580278090528242,0.18374727513050232,0.7204499439642154
6063,2,2,0.16572902071500686,0.236202700199615,0.5980682790853781
6064,2,2,0.1610985865346571,0.24557115395003612,0.5933302595153068
6065,1,0,0.46732973450347237,0.22915425739292317,0.30351600810360446
6066,2,2,0.14047509360816005,0.21576803624633117,0.6437568701455088
6067,2,2,0.2955672484998843,0.2754718762659472,0.4289608752341686
6068,2,2,0.12021351973068775,0.2006614041455656,0.6791250761237467
6069,2,2,0.2067080026478379,0.2502901147961423,0.5430018825560198
6070,1,2,0.3191693425506407,0.25543288142740833,0.4253977760219509
6071,1,0,0.611018546140569,0.23685219336244673,0.15212926049698425
6072,1,0,0.4809841730301069,0.2574343760449617,0.2615814509249313
6073,2,2,0.1509061786527883,0.22475929134716996,0.6243345300000417
6074,0,2,0.2575753552405944,0.25600518283147844,0.4864194619279271
6075,1,2,0.15239650019637715,0.22707442774171946,0.6205290720619034
6076,2,0,0.4564760351419062,0.2591180449609995,0.28440591989709435
6077,1,0,0.4893467561261865,0.22338607503893698,0.2872671688348767
6078,0,0,0.4655224270405172,0.2657382113382348,0.2687393616212482
6079,2,2,0.024185618954621704,0.07420991108652451,0.9016044699588537
6080,0,2,0.19903281199116798,0.24827280203133725,0.5526943859774948
6081,1,2,0.18058046918870316,0.24341750277133595,0.5760020280399609
6082,0,0,0.4249627874598612,0.2663297855933434,0.3087074269467953
6083,1,2,0.05159031799136018,0.13415596551850492,0.8142537164901348
6084,2,2,0.32720349048180175,0.28314196323451135,0.38965454628368684
6085,0,0,0.47237678736714384,0.2531782978180282,0.27444491481482797
6086,1,2,0.2789155523825245,0.2575482409360192,0.46353620668145623
6087,0,0,0.6235454432117655,0.23048136687728055,0.14597318991095382
6088,1,2,0.1664843574611012,0.24713819570788303,0.5863774468310158
6089,1,2,0.357876211471936,0.24832759835442964,0.39379619017363443
6090,0,0,0.4570418841447232,0.2576858202471176,0.28527229560815914
6091,2,0,0.44865453545565515,0.25771503070557444,0.29363043383877047
6092,1,2,0.3025235568904356,0.2572642924327523,0.440212150676812
6093,2,2,0.1341601714914825,0.21139726259953076,0.6544425659089866
6094,0,0,0.3885674870042196,0.24506893823208717,0.36636357476369324
6095,1,2,0.3724571936549965,0.2456652679983219,0.38187753834668164
6096,2,0,0.45725004057510105,0.29304060356493816,0.24970935585996076
6097,1,0,0.5402349323369874,0.23373260683698413,0.2260324608260285
6098,1,0,0.401893194132863,0.25393807550966446,0.34416873035747264
6099,2,2,0.16087803076017568,0.23242667290124622,0.6066952963385781
6100,2,2,0.06449035221745204,0.1570478592295545,0.7784617885529934
