,Outcome,Prediction,ProbA,ProbD,ProbH
6120,0,2,0.30947724540279103,0.2523097680710743,0.43821298652613455
6121,0,2,0.34901807290625403,0.2521750680190258,0.3988068590747202
6122,1,0,0.48736039905552575,0.24386277862355013,0.26877682232092415
6123,1,0,0.6502818250164231,0.20560693105269107,0.14411124393088573
6124,2,2,0.17860272005977607,0.2573919139173902,0.5640053660228337
6125,0,2,0.1858831390695361,0.24011254562594672,0.5740043153045171
6126,1,2,0.06395554155266657,0.15035016347068364,0.7856942949766497
6127,0,2,0.3326316138533546,0.2634449678370815,0.40392341830956385
6128,2,2,0.08646308723621424,0.18105681469981807,0.7324800980639676
6129,2,2,0.34628063400049985,0.27089616735689886,0.3828231986426012
6130,0,2,0.13806608055188188,0.22792430573012887,0.6340096137179893
6131,2,2,0.04904975142565672,0.13082823018158926,0.8201220183927541
6132,0,2,0.3541979049488639,0.2580338299930274,0.38776826505810874
6133,1,0,0.41261221078706345,0.25121443205472893,0.33617335715820773
6134,1,0,0.4693534278380206,0.24774169535594998,0.28290487680602944
6135,0,0,0.5492945479522097,0.24449313574522816,0.20621231630256212
6136,2,2,0.11785767330652445,0.2118273209302659,0.6703150057632097
6137,2,2,0.08185943214357883,0.17667167132304046,0.7414688965333808
6138,2,2,0.131162300745675,0.21622281716976482,0.6526148820845602
6139,0,2,0.1285346535762718,0.22000972323466583,0.6514556231890625
6140,0,0,0.5999306921241953,0.2142686417646849,0.18580066611111995
6141,2,2,0.3012060216148784,0.24990401286620179,0.4488899655189198
6142,0,2,0.3442443120562899,0.25238791447706177,0.4033677734666483
6143,1,2,0.2704345495762641,0.30627173220413384,0.4232937182196021
6144,1,2,0.14415816766231365,0.22619627494812647,0.6296455573895599
6145,1,2,0.17642893932705792,0.23770084826550245,0.5858702124074396
6146,0,0,0.47403075728233346,0.24748115110633484,0.2784880916113316
6147,2,2,0.18636292342574776,0.23351764256514457,0.5801194340091077
6148,1,2,0.29914532177184316,0.26118593838629506,0.4396687398418617
6149,1,2,0.16723409941773532,0.24989045347033756,0.5828754471119272
6150,0,0,0.43166669962487336,0.26741145569897684,0.3009218446761498
6151,0,2,0.13154278137629596,0.21946826350626072,0.6489889551174433
6152,1,2,0.19186009489026534,0.26571308036518637,0.5424268247445483
6153,0,2,0.2625282072480516,0.24476941539200245,0.49270237735994593
6154,1,2,0.1775903972668423,0.23114892310817395,0.5912606796249837
6155,0,2,0.3017927496021666,0.25903477882483944,0.43917247157299394
6156,2,2,0.19126415732329427,0.24053038565451396,0.5682054570221918
6157,2,0,0.5142523035968489,0.25336168035153755,0.23238601605161355
6158,0,0,0.6649493715453012,0.1985508257238941,0.13649980273080473
6159,2,2,0.3149205751495137,0.26131460578839916,0.42376481906208713
6160,0,0,0.45116615843811353,0.25034152673850996,0.2984923148233765
6161,0,0,0.6502818250164231,0.20560693105269107,0.14411124393088573
6162,2,2,0.06001158688689835,0.1476423068231594,0.7923461062899423
6163,2,2,0.07772809155568061,0.1680199300451299,0.7542519783991894
6164,2,2,0.31223588641353245,0.2540145830768808,0.43374953050958676
6165,2,2,0.11063122190935878,0.19697302244098064,0.6923957556496605
6166,2,2,0.10858401752510155,0.2051883198056025,0.6862276626692958
6167,2,2,0.19186009489026534,0.26571308036518637,0.5424268247445483
6168,2,2,0.12312291047670998,0.21442154635049482,0.6624555431727951
6169,2,2,0.2090330312548539,0.24649899513218546,0.5444679736129606
6170,0,2,0.21359848533094655,0.2782422457303219,0.5081592689387315
6171,0,0,0.46047005263196933,0.26333785939130067,0.27619208797673
6172,2,2,0.2704345495762641,0.30627173220413384,0.4232937182196021
6173,2,2,0.18792350422864249,0.23643991742827242,0.5756365783430851
6174,2,2,0.22065503392756067,0.24339438173883213,0.5359505843336072
6175,2,2,0.1035302121460074,0.1996166016893773,0.6968531861646153
6176,1,0,0.38981034702141365,0.2575982043720444,0.352591448606542
6177,1,0,0.5304193563095173,0.23215205794911356,0.23742858574136916
6178,0,2,0.3670619061607439,0.2626409238103332,0.3702971700289229
6179,1,2,0.28988481566782215,0.24226324076902797,0.4678519435631499
6180,2,2,0.07773313136023316,0.1714882448431207,0.7507786237966461
6181,2,2,0.04409881283635603,0.12265543727850348,0.8332457498851406
6182,0,2,0.20670086127079748,0.24587713456400542,0.547422004165197
6183,2,2,0.36694120096883187,0.2528172980558575,0.3802415009753106
6184,0,2,0.2669505184979872,0.2493801903285303,0.48366929117348245
6185,2,2,0.0701010066101587,0.1617985821226704,0.7681004112671709
6186,1,2,0.21359848533094655,0.2782422457303219,0.5081592689387315
6187,0,0,0.496288211184479,0.25641449197125404,0.24729729684426693
6188,2,2,0.15923797222685282,0.23279184087413637,0.6079701868990108
6189,0,0,0.5907776238333484,0.21607017992589278,0.19315219624075877
6190,2,2,0.1737644747561126,0.23890409621829672,0.5873314290255907
6191,2,2,0.06395554155266657,0.15035016347068364,0.7856942949766497
6192,2,2,0.13806608055188188,0.22792430573012887,0.6340096137179893
6193,2,2,0.14523717964714805,0.22307208327728892,0.631690737075563
6194,2,2,0.2704345495762641,0.30627173220413384,0.4232937182196021
6195,2,2,0.27570530042066305,0.25911515560407883,0.46517954397525807
6196,2,2,0.21498015119919595,0.24172717646706227,0.5432926723337419
6197,0,0,0.5211051781325667,0.2389154166194062,0.2399794052480271
6198,2,0,0.5470477712040998,0.22918710526239414,0.22376512353350606
6199,2,2,0.06323605969400269,0.15200163162576039,0.7847623086802369
6200,1,0,0.4077632213976636,0.25591249243655784,0.33632428616577875
6201,0,2,0.11593785271248583,0.21111070419471942,0.6729514430927949
6202,0,0,0.6649493715453012,0.1985508257238941,0.13649980273080473
6203,0,0,0.39195749628641785,0.2699293804413479,0.3381131232722342
6204,2,0,0.43658774873083256,0.2534607468903212,0.30995150437884633
6205,0,0,0.3925402723173146,0.2539763495651313,0.3534833781175541
6206,2,2,0.3475032575939353,0.25484991916727817,0.3976468232387865
6207,2,2,0.22323418614063084,0.2396472646510397,0.5371185492083295
6208,2,2,0.13806608055188188,0.22792430573012887,0.6340096137179893
6209,1,2,0.14028751837593229,0.22303548452737787,0.6366769970966899
6210,2,2,0.3024790576600101,0.2695086115811831,0.42801233075880674
6211,2,2,0.15012392565419963,0.23739679620813553,0.6124792781376648
6212,2,2,0.29989135348495405,0.24976363121963005,0.450345015295416
6213,0,2,0.20207731373155957,0.24549005450156183,0.5524326317668786
6214,2,2,0.1579807986180737,0.22903799536435976,0.6129812060175666
6215,1,2,0.29325332643780916,0.2555307178650623,0.4512159556971287
6216,0,2,0.141079398562185,0.21286223438550667,0.6460583670523083
6217,0,0,0.5142523035968489,0.25336168035153755,0.23238601605161355
6218,2,2,0.1499315690188334,0.21598263007181775,0.6340858009093489
6219,0,0,0.617686293450667,0.2085543292235862,0.17375937732574692
6220,2,0,0.46047005263196933,0.26333785939130067,0.27619208797673
6221,1,0,0.6502818250164231,0.20560693105269107,0.14411124393088573
6222,2,2,0.07772809155568061,0.1680199300451299,0.7542519783991894
6223,2,0,0.4319037859058751,0.2481843915079257,0.3199118225861991
6224,2,2,0.24233920849541102,0.25047952640205723,0.5071812651025317
6225,2,2,0.0988893574394295,0.19486396511182646,0.706246677448744
6226,0,0,0.4909179276218089,0.24192662633024078,0.26715544604795033
6227,1,2,0.2043593050011267,0.24506813761454113,0.5505725573843322
6228,0,2,0.19064228196399757,0.24129289914320262,0.5680648188927998
6229,2,2,0.16723409941773532,0.24989045347033756,0.5828754471119272
6230,2,0,0.38366535333666335,0.2530315305097463,0.36330311615359046
6231,2,2,0.17508108296657807,0.23562591273240505,0.5892930043010169
6232,2,2,0.10057352209707321,0.19217192195407937,0.7072545559488476
6233,2,2,0.32249097052889414,0.27034596424639934,0.40716306522470663
6234,2,0,0.5338410969578217,0.23254697483681092,0.23361192820536728
6235,2,2,0.06395554155266657,0.15035016347068364,0.7856942949766497
6236,2,2,0.09519592892714973,0.19116450740721225,0.713639563665638
6237,0,2,0.29045935561361547,0.2627723307679302,0.44676831361845437
6238,2,2,0.08063109677557222,0.17546644722622634,0.7439024559982014
6239,2,2,0.2064585614847874,0.23618890837168913,0.5573525301435235
6240,1,2,0.22598230835725672,0.2501769670181129,0.5238407246246304
6241,1,0,0.43080936275722015,0.25444670194950697,0.3147439352932728
6242,2,2,0.0667115571473049,0.15687528372515439,0.7764131591275407
6243,1,2,0.3024790576600101,0.2695086115811831,0.42801233075880674
6244,2,0,0.496288211184479,0.25641449197125404,0.24729729684426693
6245,2,2,0.17860272005977607,0.2573919139173902,0.5640053660228337
6246,2,0,0.37169168063850205,0.25758242774730705,0.37072589161419095
6247,2,2,0.15012392565419963,0.23739679620813553,0.6124792781376648
6248,2,2,0.365526429156926,0.25280448054072563,0.3816690903023483
6249,2,2,0.2380820076394763,0.25436283219205796,0.5075551601684658
6250,0,0,0.6649493715453012,0.1985508257238941,0.13649980273080473
6251,0,2,0.09102366370308716,0.18340686452052044,0.7255694717763924
6252,2,2,0.10863025949054737,0.2056746472646093,0.6856950932448432
6253,2,2,0.08544023391028073,0.1802756411787293,0.7342841249109899
6254,1,0,0.6098767094788898,0.20955476077502277,0.1805685297460873
6255,0,2,0.06567919059522911,0.15573081774939168,0.7785899916553792
6256,1,2,0.1285346535762718,0.22000972323466583,0.6514556231890625
6257,2,2,0.049227070548708465,0.130870461619077,0.8199024678322145
6258,2,2,0.21398129836624094,0.238130156949988,0.547888544683771
6259,0,0,0.4666000469774654,0.24586704357672023,0.2875329094458143
6260,1,2,0.36720881856456367,0.2601838092109648,0.37260737222447154
6261,0,2,0.3526352988020177,0.2607521111180443,0.38661259007993803
6262,0,2,0.3638262707168271,0.27140933982880056,0.36476438945437234
6263,1,0,0.46047005263196933,0.26333785939130067,0.27619208797673
6264,0,2,0.27394451552741744,0.2530454757490308,0.47301000872355164
6265,1,2,0.24330975759559187,0.2540952870058124,0.5025949553985958
6266,2,2,0.21359848533094655,0.2782422457303219,0.5081592689387315
6267,0,2,0.23086973401123984,0.2423649331312157,0.5267653328575445
6268,0,0,0.496288211184479,0.25641449197125404,0.24729729684426693
6269,2,2,0.20201953378516727,0.2716397315106544,0.5263407347041783
6270,2,2,0.3535707395437344,0.2551842295980889,0.39124503085817675
6271,2,0,0.4415143947491643,0.25156802237633563,0.3069175828745
6272,0,2,0.3159100948593673,0.26301902134845945,0.4210708837921732
6273,2,2,0.2704345495762641,0.30627173220413384,0.4232937182196021
6274,1,2,0.3369655510332055,0.25847717485148963,0.40455727411530484
6275,2,2,0.05846421035807601,0.14508956022093897,0.796446229420985
6276,2,0,0.5492945479522097,0.24449313574522816,0.20621231630256212
6277,1,2,0.16564324135638658,0.22693345301127374,0.6074233056323397
6278,2,2,0.07388961905969853,0.16684142179643485,0.7592689591438666
6279,2,2,0.1732747778590946,0.23110580076310153,0.5956194213778038
6280,0,2,0.34102035493116273,0.2634384014722075,0.3955412435966298
6281,2,2,0.1460612270343831,0.2235157014521556,0.6304230715134612
6282,1,0,0.43010345759041785,0.2508602076897026,0.31903633471987963
6283,0,0,0.4490541295909914,0.24700053914423695,0.3039453312647718
6284,2,2,0.09669744971774809,0.19332900280700832,0.7099735474752437
6285,1,0,0.41350612815084575,0.2686317457003217,0.31786212614883264
6286,0,2,0.1323049504385988,0.2199310141838418,0.6477640353775593
6287,1,0,0.5724654971226091,0.22147586331935196,0.20605863955803896
6288,2,2,0.03773318202278127,0.11004237186371325,0.8522244461135056
6289,2,0,0.3956252633339405,0.25163715891071087,0.35273757775534864
6290,2,2,0.1285346535762718,0.22000972323466583,0.6514556231890625
6291,2,2,0.18350715009841606,0.24305297867825326,0.5734398712233306
6292,0,0,0.425811736892808,0.25421653438674924,0.31997172872044266
6293,0,0,0.39166169368312,0.2604620136351009,0.34787629268177916
6294,0,2,0.34628063400049985,0.27089616735689886,0.3828231986426012
6295,1,2,0.282358790257666,0.2743083455180857,0.44333286422424834
6296,1,2,0.12013668464675968,0.20981296714854827,0.6700503482046921
6297,2,0,0.5423494509884665,0.2321526559308768,0.22549789308065654
6298,1,2,0.2017787024154764,0.2385062198455733,0.5597150777389502
6299,1,2,0.043382977455073204,0.11955169980525025,0.8370653227396765
6300,2,2,0.07772809155568061,0.1680199300451299,0.7542519783991894
6301,1,2,0.3154993142084406,0.262040685512818,0.4224600002787415
6302,2,2,0.08022110697785172,0.1738839853808814,0.745894907641267
6303,2,2,0.2704345495762641,0.30627173220413384,0.4232937182196021
6304,2,2,0.3299376304275954,0.2537472790230157,0.4163150905493888
6305,2,2,0.3200847158025598,0.25810647534977,0.4218088088476701
6306,2,2,0.31685318099647997,0.2516398421905369,0.43150697681298317
6307,1,0,0.4109111409199454,0.2535204813530312,0.3355683777270234
6308,2,2,0.22899486126820268,0.23439514776920928,0.536609990962588
6309,2,2,0.12478681549051668,0.21348430581937186,0.6617288786901115
6310,2,2,0.3350793167175497,0.25983257320178765,0.4050881100806626
6311,1,2,0.23462263451615387,0.24618939863093173,0.5191879668529145
6312,2,2,0.07290873801739772,0.16523577751078142,0.7618554844718208
6313,1,2,0.32249097052889414,0.27034596424639934,0.40716306522470663
6314,2,2,0.20201953378516727,0.2716397315106544,0.5263407347041783
6315,2,0,0.43166669962487336,0.26741145569897684,0.3009218446761498
6316,2,2,0.3571283560776648,0.25576239771232245,0.38710924621001286
6317,2,0,0.5492945479522097,0.24449313574522816,0.20621231630256212
6318,0,0,0.49215736759822254,0.24442314482632957,0.2634194875754478
6319,1,2,0.2583559829441144,0.24442591659376878,0.49721810046211684
6320,2,2,0.15555320044198745,0.2284773071381173,0.6159694924198952
6321,2,2,0.03773318202278127,0.11004237186371325,0.8522244461135056
6322,0,0,0.41350612815084575,0.2686317457003217,0.31786212614883264
6323,1,0,0.37209129768522187,0.25848553859927786,0.3694231637155004
6324,0,0,0.5101591941542835,0.23766991136041682,0.25217089448529967
6325,0,2,0.2704345495762641,0.30627173220413384,0.4232937182196021
6326,2,2,0.328061825387605,0.2512729429356916,0.42066523167670344
6327,2,2,0.07263399077347356,0.16417464764897002,0.7631913615775564
6328,1,2,0.30995394307056023,0.25754517064734844,0.4325008862820914
6329,0,2,0.20591850852952923,0.24177278098739438,0.5523087104830764
6330,2,2,0.09102366370308716,0.18340686452052044,0.7255694717763924
6331,2,2,0.10117566982899755,0.19777375508999814,0.7010505750810043
6332,0,0,0.4580876757615475,0.24829240736059405,0.2936199168778585
6333,2,0,0.5031581851880197,0.24250494396349226,0.25433687084848805
6334,2,2,0.27740175286820223,0.25410115435333075,0.4684970927784671
6335,1,2,0.28319495871408884,0.26035092682955896,0.45645411445635214
6336,1,2,0.1923875348990232,0.23320678564784444,0.5744056794531324
6337,2,0,0.4115929497767269,0.25175070393670795,0.3366563462865651
6338,0,2,0.3638262707168271,0.27140933982880056,0.36476438945437234
6339,2,0,0.5142523035968489,0.25336168035153755,0.23238601605161355
6340,1,2,0.17416826824058315,0.22439261893963608,0.6014391128197807
6341,2,2,0.3024790576600101,0.2695086115811831,0.42801233075880674
6342,0,2,0.12054811287011848,0.2033675416927305,0.676084345437151
6343,1,2,0.2772032799042406,0.24739521469861572,0.4754015053971437
6344,2,2,0.15353358361900643,0.23122809994891094,0.6152383164320827
6345,2,2,0.28462373323726403,0.24764217724668947,0.46773408951604656
6346,2,2,0.09837188933736121,0.191167600104283,0.7104605105583559
6347,0,0,0.5795173314888722,0.22169112074069164,0.19879154777043617
6348,2,2,0.09102366370308716,0.18340686452052044,0.7255694717763924
6349,2,2,0.10530693774697353,0.20242292373887277,0.6922701385141536
6350,2,2,0.11436192767682332,0.20715872162043905,0.6784793507027377
6351,0,0,0.5136342684697981,0.23815954592411864,0.24820618560608326
6352,2,2,0.33093482102780486,0.2713659333187366,0.39769924565345854
6353,0,0,0.48474344000903535,0.25103089824428854,0.264225661746676
6354,2,2,0.1965398233507591,0.25415462134236566,0.5493055553068753
6355,0,2,0.20653862382000523,0.25089087277233213,0.5425705034076627
6356,2,2,0.1273584452992399,0.2215476368910278,0.6510939178097324
6357,0,0,0.46497052509698333,0.25854476363756246,0.27648471126545426
6358,0,2,0.3468873122415525,0.27183430541033476,0.3812783823481127
6359,0,0,0.4536176594474345,0.2579802405263578,0.2884021000262077
6360,1,2,0.34097713214952474,0.2666697130182195,0.39235315483225575
6361,1,2,0.07594952168910706,0.16837308789790595,0.755677390412987
6362,2,2,0.1580221835685864,0.24181753700520608,0.6001602794262075
6363,2,2,0.11494865056930659,0.21180948873651884,0.6732418606941746
6364,0,2,0.3319741992146784,0.2619600951800193,0.4060657056053023
6365,0,2,0.3672940032041416,0.26509057616479287,0.36761542063106556
6366,1,2,0.09454767030483302,0.19033569011377593,0.715116639581391
6367,2,2,0.17556539872127944,0.250549112200797,0.5738854890779236
6368,2,2,0.0575173313493208,0.14290286055658855,0.7995798080940906
6369,2,2,0.3134635172037624,0.26558889711576233,0.42094758568047536
6370,2,2,0.29357754971725103,0.26157605080251967,0.44484639948022936
6371,1,0,0.5453021878080334,0.2356312932072556,0.21906651898471102
6372,2,2,0.17712576425197654,0.24642235786900588,0.5764518778790176
6373,2,2,0.1307160734427107,0.22801077322480434,0.6412731533324849
6374,2,2,0.07732067788848333,0.1694879333102922,0.7531913888012244
6375,2,2,0.1167384569049679,0.2110918579652625,0.6721696851297695
6376,1,0,0.3701261416091376,0.2662091467721483,0.36366471161871405
6377,1,2,0.32809740298749096,0.273674260742433,0.3982283362700761
6378,1,2,0.18446304383316992,0.24999698773838083,0.5655399684284492
6379,2,2,0.20017162742978203,0.2578455101644284,0.5419828624057895
6380,0,2,0.17052603553113022,0.25535339549537917,0.5741205689734906
6381,1,2,0.2570541587982547,0.2587380073686196,0.48420783383312566
6382,2,0,0.42461061925648425,0.2675049355595411,0.3078844451839748
6383,1,0,0.44666721215162225,0.26045837087493956,0.29287441697343813
6384,0,2,0.2979937350248732,0.27420185041731693,0.42780441455780976
6385,2,2,0.09031243842462909,0.1851827408739103,0.7245048207014606
6386,0,2,0.1282333761381009,0.2217269735780198,0.6500396502838793
6387,1,2,0.08585405373139778,0.18068469191979084,0.7334612543488115
6388,0,2,0.11581209862293995,0.21201845931941285,0.6721694420576472
6389,1,2,0.1142494160543355,0.21145467244809868,0.6742959114975658
6390,2,2,0.09895755400729926,0.1961222088982896,0.7049202370944112
6391,0,0,0.4362906180049115,0.25944154594970525,0.30426783604538327
6392,1,2,0.27166980696021154,0.26768497727867446,0.4606452157611139
6393,0,0,0.46282152426513723,0.25407655178418215,0.2831019239506808
6394,1,2,0.16840478293463668,0.24226970150714494,0.5893255155582183
6395,1,2,0.2745208806091904,0.27612259050162435,0.44935652888918526
6396,0,0,0.5019806657222228,0.25101157757277653,0.2470077567050008
6397,2,2,0.13242214002184685,0.22699553606826953,0.6405823239098837
6398,1,0,0.4266303852209185,0.259242454345226,0.3141271604338554
6399,2,2,0.19503347374801064,0.2507643799301331,0.5542021463218563
6400,0,2,0.3540865634334827,0.26193969679748613,0.38397373976903126
6401,1,2,0.27975343644932815,0.2662402645928518,0.4540062989578201
6402,2,2,0.29461339667712483,0.27326701442374635,0.43211958889912877
6403,1,0,0.5342763719552275,0.24214313459074482,0.22358049345402767
6404,1,0,0.5572311565161544,0.23534609683612331,0.20742274664772223
6405,2,2,0.20973896958044028,0.25770577444096954,0.5325552559785902
6406,2,2,0.06778655191362715,0.1578450823300313,0.7743683657563416
6407,2,2,0.1646497882774181,0.24271532549851838,0.5926348862240635
6408,0,2,0.21731505943385174,0.2628312065718573,0.5198537339942909
6409,2,2,0.25502254127502444,0.2674708798692767,0.4775065788556988
6410,0,0,0.42728801844726744,0.26191165625921364,0.3108003252935189
6411,0,2,0.2424641861979802,0.260688816049453,0.49684699775256663
6412,2,2,0.08307631778020119,0.17633375383544514,0.7405899283843537
6413,2,2,0.062289903359831054,0.14951189645884339,0.7881982001813257
6414,1,2,0.24622567780447405,0.26492877182463626,0.4888455503708896
6415,0,2,0.27456617455657906,0.2719166927426562,0.4535171327007648
6416,2,2,0.3139169417525687,0.2678693380108032,0.41821372023662823
6417,0,2,0.34539585261443984,0.2679449774838673,0.38665916990169286
6418,0,0,0.3891360003520554,0.27091739866261844,0.33994660098532625
6419,2,2,0.12827116837773844,0.22495710690355974,0.6467717247187019
6420,2,2,0.14551432678308238,0.23583760164729303,0.6186480715696246
6421,0,0,0.42538519780875855,0.26568127918016715,0.3089335230110743
6422,2,2,0.20648585060985913,0.25923405298680635,0.5342800964033345
6423,2,2,0.12252200959553146,0.2185447178789183,0.6589332725255502
6424,1,2,0.2875796546948163,0.27020716428945984,0.4422131810157239
6425,1,0,0.3810637419233845,0.2622509253056161,0.35668533277099934
6426,2,2,0.1127819179083131,0.210745523233387,0.6764725588582999
6427,0,0,0.5061698483442991,0.2447299811703409,0.24910017048535996
6428,2,2,0.15167535040717262,0.24147341637756597,0.6068512332152614
6429,1,0,0.4425152485338538,0.2585797977707577,0.29890495369538844
6430,1,2,0.3630912823414417,0.26763437559849823,0.3692743420600601
6431,2,2,0.09275191163861585,0.1888750464303192,0.718373041931065
6432,0,2,0.1811076717647439,0.26172036510488217,0.557171963130374
6433,0,0,0.48523176905735094,0.25348031468524274,0.2612879162574063
6434,1,2,0.3449659617774532,0.2655801611719421,0.38945387705060475
6435,1,2,0.19332516797301344,0.2530107846298241,0.5536640473971625
6436,2,2,0.11412412023849236,0.20996856885849727,0.6759073109030104
6437,1,2,0.1541738500482277,0.24287298286259873,0.6029531670891736
6438,2,2,0.3134348797301511,0.27187324768521853,0.41469187258463036
6439,0,0,0.3866736439133931,0.27192225580109197,0.341404100285515
6440,2,2,0.12161796987211511,0.21834625341119518,0.6600357767166897
6441,2,2,0.21071833735745915,0.2523195369047936,0.5369621257377473
6442,2,2,0.3080345633157471,0.2753387498323155,0.4166266868519374
6443,2,0,0.44801103134534564,0.25416673769630205,0.2978222309583524
6444,0,2,0.07650931110728935,0.16936877514163456,0.7541219137510761
6445,2,0,0.40047446443744567,0.2620945822344153,0.3374309533281391
6446,1,2,0.13572786417048188,0.23170924798761688,0.6325628878419012
6447,0,2,0.11118201969554842,0.20883213545095272,0.6799858448534989
6448,1,2,0.11761574925608273,0.2124515286848002,0.669932722059117
6449,1,0,0.36507325984393185,0.27045161632948295,0.36447512382658526
6450,0,2,0.1247525561454594,0.2200557591333483,0.6551916847211923
6451,2,2,0.13604966726206996,0.2283949964702583,0.6355553362676717
6452,1,2,0.1604415900180581,0.24799500054238935,0.5915634094395525
6453,2,2,0.07189506816146707,0.16334720018336413,0.7647577316551688
6454,1,2,0.17024115356739133,0.2477411226328308,0.5820177237997779
6455,0,0,0.44416358707782605,0.26060864393515704,0.295227768987017
6456,0,2,0.13818274088578444,0.23298988032106888,0.6288273787931467
6457,2,2,0.17311845329225264,0.24804398895329405,0.5788375577544532
6458,0,0,0.5040306528695996,0.24830892083376638,0.24766042629663398
6459,1,2,0.2749137824027112,0.2594580781473812,0.46562813944990755
6460,0,2,0.26146463033043854,0.26354137928540616,0.4749939903841553
6461,0,2,0.20673836897427952,0.2550600193352097,0.5382016116905107
6462,0,0,0.5139670061813854,0.24622222934840216,0.23981076447021252
6463,1,2,0.11819700455115292,0.21375858237468784,0.6680444130741592
6464,2,2,0.3142667028119363,0.27497758343048884,0.4107557137575749
6465,0,0,0.5733423593705733,0.23167372158884852,0.1949839190405783
6466,0,2,0.2609885747308012,0.2667030268302754,0.47230839843892325
6467,2,2,0.15257691560894068,0.2414985491286613,0.605924535262398
6468,2,2,0.20064632745536776,0.27352104128006227,0.52583263126457
6469,0,2,0.32507235774504073,0.26559306352151885,0.40933457873344037
6470,2,2,0.107375083443507,0.20393626273052617,0.6886886538259668
6471,0,2,0.27524497271187903,0.2615877663781966,0.46316726090992444
6472,2,2,0.13641759170352644,0.23283339341212603,0.6307490148843475
6473,1,2,0.3513755547798969,0.2754410299902606,0.37318341522984244
6474,0,2,0.25855418390311813,0.2716250010746988,0.4698208150221831
6475,0,2,0.2448424697304879,0.26511289463669696,0.49004463563281514
6476,2,2,0.12003186233468567,0.21714735242598826,0.6628207852393261
6477,1,0,0.3712788041064426,0.27106882017062983,0.3576523757229276
6478,0,2,0.24079959904343518,0.2835146527824103,0.47568574817415454
6479,0,2,0.19310517337947583,0.24883234183812,0.5580624847824042
6480,0,2,0.2704040760331728,0.27043770899173175,0.4591582149750954
6481,1,0,0.5241662562930611,0.24259906362109313,0.2332346800858457
6482,1,2,0.20045852211999188,0.25468947335289976,0.5448520045271084
6483,0,0,0.40721973165966685,0.2656918531043837,0.3270884152359494
6484,0,2,0.14048097367361478,0.2307870449351703,0.6287319813912148
6485,2,0,0.38664942478695175,0.2661964960662754,0.34715407914677293
6486,1,2,0.16278544697143582,0.24800942737130444,0.5892051256572597
6487,2,2,0.22578688963783386,0.26332992657053017,0.5108831837916359
6488,2,2,0.16825812159249234,0.24450811354785515,0.5872337648596525
6489,0,2,0.2997482430858054,0.27231332492510424,0.42793843198909026
6490,0,2,0.29111630266880745,0.27178534085651024,0.43709835647468226
6491,0,2,0.31371168045499387,0.2603325187264805,0.4259558008185257
6492,2,2,0.08905780551363389,0.1840072472668242,0.726934947219542
6493,1,2,0.14449711662432593,0.2353446731274876,0.6201582102481864
6494,0,0,0.5220897289784941,0.24526557737617102,0.23264469364533477
6495,0,2,0.16219488706982163,0.24499234423891905,0.5928127686912593
6496,0,2,0.34265254431237346,0.2667780715264108,0.39056938416121567
6497,0,0,0.3856511467734891,0.26673490446936954,0.3476139487571414
6498,2,2,0.21608878870265275,0.2592275443145763,0.524683666982771
6499,0,2,0.2131284483681721,0.2587517259910803,0.5281198256407476
6500,2,2,0.06567729688459616,0.15446962626588792,0.7798530768495158
6501,1,0,0.47875411648236277,0.2534392218779601,0.2678066616396771
6502,1,2,0.15173548270390014,0.236897639767111,0.6113668775289888
6503,1,2,0.2742584423043695,0.2643898321473037,0.4613517255483267
6504,2,2,0.17651550907032795,0.25382012563236833,0.5696643652973037
6505,0,2,0.10937906389171978,0.20551687373673988,0.6851040623715403
6506,1,2,0.30992007364429436,0.26637849380981754,0.42370143254588805
6507,2,2,0.18535155331445843,0.25286623589130636,0.5617822107942353
6508,2,2,0.08207230314645904,0.17470035447472734,0.7432273423788136
6509,2,2,0.19564408492921517,0.2552761335633416,0.5490797815074433
6510,0,0,0.561711161607589,0.23218782981358418,0.2061010085788268
6511,0,2,0.23866537287459078,0.26060081159726534,0.5007338155281439
6512,2,2,0.17149570011861093,0.24440766820584142,0.5840966316755477
6513,0,2,0.2725750349293522,0.2722585130839315,0.4551664519867162
6514,1,2,0.3533264122751408,0.26499553681652477,0.38167805090833457
6515,0,0,0.40550802581785744,0.2634931716043448,0.3309988025777978
6516,2,2,0.13513251610082835,0.2282290303808509,0.6366384535183207
6517,0,2,0.1302953245319872,0.22731794644661496,0.6423867290213979
6518,2,2,0.35922810216018397,0.26748492574851246,0.37328697209130357
6519,0,2,0.25904461507151233,0.2742227957652164,0.46673258916327115
6520,2,0,0.38632582406961624,0.2699774545594763,0.34369672137090745
6521,2,2,0.14115085184574883,0.23727918841695364,0.6215699597372976
6522,1,2,0.1775537613399734,0.24369600643883585,0.5787502322211907
6523,2,2,0.212254484816058,0.2596339213919159,0.5281115937920262
6524,1,2,0.1252507441406488,0.22041620655906427,0.6543330493002869
6525,2,2,0.2780363560643234,0.26585124791683273,0.45611239601884396
6526,1,2,0.10834277694124077,0.20313066759369494,0.6885265554650642
6527,1,2,0.29252356208601354,0.2643764096678456,0.443100028246141
6528,2,2,0.21586957087564307,0.26308208486238205,0.5210483442619749
6529,2,2,0.1308629953522018,0.226461120723141,0.6426758839246572
6530,0,2,0.24337608515961434,0.26753241380834003,0.4890915010320457
6531,1,2,0.32754878202008114,0.2653970594111898,0.40705415856872895
6532,0,0,0.3749233420311107,0.26187665972709745,0.36319999824179194
6533,0,0,0.4669414498027214,0.255800483296959,0.27725806690031957
6534,1,2,0.19090692166630785,0.2678514449513986,0.5412416333822935
6535,2,2,0.304417828910963,0.27039739002250446,0.42518478106653257
6536,2,2,0.10130591273731089,0.19747825261205368,0.7012158346506354
6537,2,2,0.32739107224393516,0.2694167974035149,0.40319213035255
6538,2,2,0.1395906005600395,0.2308167487928562,0.6295926506471043
6539,0,2,0.15433579796968047,0.23649228169331069,0.6091719203370088
6540,1,0,0.4977292360210968,0.2488047534570288,0.2534660105218744
6541,0,0,0.4046463657912451,0.2713512988241991,0.32400233538455575
6542,2,2,0.10359627076166214,0.20089518113033303,0.6955085481080049
6543,2,2,0.18495162725757994,0.25529543829793044,0.5597529344444896
6544,2,2,0.14286130765161528,0.2333218732354037,0.623816819112981
6545,0,2,0.12771358778111824,0.22296260000717177,0.64932381221171
6546,0,2,0.2054452190444134,0.2588761948440584,0.5356785861115282
6547,2,2,0.18030510759773083,0.24646217797302675,0.5732327144292424
6548,0,0,0.48379764979687145,0.2536964792341258,0.2625058709690028
6549,2,2,0.21480087371391846,0.2705359735966066,0.5146631526894749
6550,1,0,0.464436490520931,0.25600997474250925,0.2795535347365597
6551,1,2,0.2434230878517784,0.26345459431629015,0.4931223178319315
6552,2,0,0.4053739438323252,0.26419923848288074,0.3304268176847941
6553,2,2,0.18372838617811554,0.25266939036204183,0.5636022234598426
6554,2,2,0.09414745897440517,0.19072886727543764,0.7151236737501572
6555,1,2,0.09670314218972682,0.191669529812627,0.7116273279976462
6556,1,0,0.36782384470254526,0.27190671250091847,0.36026944279653633
6557,2,2,0.3114014584756813,0.263851515228792,0.42474702629552674
6558,0,2,0.15817847593012377,0.23875173666451313,0.6030697874053631
6559,1,2,0.21326989188088,0.2810395054164111,0.5056906027027088
6560,2,2,0.13491387351929518,0.22948694589483895,0.6355991805858658
6561,1,2,0.14005934929331462,0.23324298158945692,0.6266976691172285
6562,0,2,0.3508070880256358,0.26856962063557266,0.3806232913387914
6563,2,2,0.12959176043958973,0.22435001901298632,0.646058220547424
6564,1,2,0.3142893087447681,0.2740519413961967,0.4116587498590353
6565,2,2,0.19437898283468472,0.2564045697501828,0.5492164474151325
6566,1,2,0.24332064598673675,0.2579093289229939,0.4987700250902693
6567,2,2,0.10030090576655101,0.19673458518916648,0.7029645090442825
6568,1,0,0.4065252129647311,0.26294029124878127,0.3305344957864876
6569,2,2,0.14353568381735907,0.23519440974854142,0.6212699064340995
6570,0,0,0.43396408655927343,0.25952934287306223,0.3065065705676643
6571,2,2,0.10628210397909878,0.20402121998122114,0.6896966760396801
6572,0,0,0.48430858671445814,0.24822691697253846,0.26746449631300345
6573,2,2,0.13208509287922268,0.2267165430213768,0.6411983640994006
6574,2,2,0.3510065159287927,0.2744851931254661,0.3745082909457412
6575,0,2,0.2575679760462045,0.2611035618946166,0.4813284620591789
6576,2,2,0.1474408282675487,0.23883724582011084,0.6137219259123404
6577,0,0,0.3882629064378021,0.2645871767005771,0.3471499168616207
6578,2,2,0.08077779391379275,0.1744801724590997,0.7447420336271077
6579,1,2,0.1816506085072899,0.2474749236097738,0.5708744678829363
6580,2,2,0.15267842854035296,0.24160731575985378,0.6057142556997933
6581,0,2,0.18084040120664568,0.24908554709716085,0.5700740516961935
6582,1,2,0.25725151753783293,0.2691599626458261,0.4735885198163409
6583,0,2,0.2570071053900981,0.26685685924744196,0.47613603536245996
6584,0,0,0.542028949462939,0.23922954962212425,0.2187415009149368
6585,1,2,0.163491044798645,0.24089617338076624,0.5956127818205887
6586,0,0,0.40317170699230764,0.2584052340658182,0.33842305894187413
6587,1,2,0.10768115316446966,0.20473840217954928,0.687580444655981
6588,2,0,0.38421505616928264,0.26520864171008307,0.3505763021206343
6589,2,2,0.2573822334105605,0.2638513364916054,0.47876643009783415
6590,2,2,0.17970475841300984,0.2511309388825424,0.5691643027044477
6591,1,2,0.2636977718391271,0.27073504963351436,0.46556717852735857
6592,1,2,0.18215379210457314,0.2499297156964093,0.5679164921990175
6593,2,2,0.06209335330602124,0.14967108313412142,0.7882355635598575
6594,0,2,0.29454477172417165,0.2661933050079891,0.4392619232678393
6595,0,0,0.3796807678516098,0.2650481092860487,0.35527112286234147
6596,0,2,0.33409304838027765,0.2746429475652447,0.39126400405447764
6597,2,2,0.16551273510812392,0.24097904861400624,0.5935082162778699
6598,2,2,0.08414959736360872,0.1781926960722182,0.7376577065641731
6599,0,0,0.41665633626198134,0.2605420507422941,0.3228016129957247
6600,2,2,0.14672993373130178,0.23811629494118705,0.6151537713275111
6601,2,2,0.1614880705672495,0.24811012847391817,0.5904018009588323
6602,0,0,0.4436189998104863,0.2642072893598855,0.2921737108296283
6603,1,2,0.10917540524104723,0.2044735760154719,0.6863510187434808
6604,2,2,0.2954825804983505,0.2728138074258033,0.4317036120758462
6605,2,2,0.09860930939096366,0.1954669413708867,0.7059237492381496
6606,0,2,0.29638340602809865,0.26090412790044615,0.44271246607145515
6607,2,2,0.24190827140389098,0.26306361632361724,0.4950281122724917
6608,0,2,0.3336715159300548,0.27257983360996324,0.393748650459982
6609,0,2,0.21050624498983597,0.2575049481693048,0.5319888068408593
6610,0,0,0.42231740078763597,0.2626761483166172,0.31500645089574686
6611,0,0,0.5880833908386734,0.2280686530196428,0.1838479561416837
6612,1,2,0.12477830858407564,0.22248278533836838,0.6527389060775559
6613,2,2,0.09594075343183976,0.1903613471375312,0.7136978994306291
6614,0,2,0.15089818282493886,0.2355458721823366,0.6135559449927246
6615,2,2,0.1360544468058235,0.23165465718633063,0.6322908960078459
6616,2,2,0.19178457218279912,0.24848712827093403,0.5597282995462669
6617,2,2,0.2981887646345687,0.26605209619832615,0.43575913916710524
6618,2,2,0.21044821636279284,0.2627621113696879,0.5267896722675192
6619,0,2,0.24355854334428087,0.26929232061784897,0.48714913603787025
6620,1,2,0.16393292028775502,0.24787098515764314,0.5881960945546018
6621,0,2,0.3605468537879794,0.2646695679919053,0.37478357822011527
6622,2,2,0.15221632032378524,0.23934267400526302,0.6084410056709517
6623,2,2,0.26184885049619383,0.26559330397216685,0.4725578455316394
6624,2,2,0.12079295616328885,0.2164362818145833,0.6627707620221279
6625,0,0,0.5722342155131298,0.23195800701348998,0.1958077774733802
6626,2,2,0.2814874719794973,0.26981914386170386,0.44869338415879884
6627,2,0,0.5188202764723474,0.24499611345153438,0.23618361007611824
6628,2,2,0.08850313824943486,0.18418862765090344,0.7273082340996617
6629,0,2,0.19631661100832035,0.25253049478126566,0.551152894210414
6630,1,2,0.1281191801379305,0.22443326525717266,0.6474475546048968
6631,2,2,0.32359169496896395,0.26835237524942057,0.40805592978161537
6632,1,2,0.3333738681714034,0.26669624868706515,0.3999298831415315
6633,1,2,0.2880497284363458,0.26831429056081285,0.44363598100284124
6634,2,2,0.07164621438406286,0.16278553058538825,0.7655682550305488
6635,1,2,0.1716205389454293,0.25544551539292853,0.5729339456616421
6636,0,2,0.2792663625087449,0.2638952650976622,0.45683837239359293
6637,0,2,0.28647236178621616,0.27464338871632643,0.43888424949745747
6638,0,2,0.19735023635987373,0.2664834531840556,0.5361663104560707
6639,0,2,0.278940500025576,0.2719841304789214,0.44907536949550264
6640,2,2,0.08136550481425799,0.17549544083243698,0.7431390543533051
6641,0,0,0.4616172139603141,0.25541760024173155,0.2829651857979544
6642,2,2,0.259525783943815,0.26159679283548104,0.478877423220704
6643,1,0,0.4228146318002967,0.257706326170573,0.3194790420291303
6644,1,0,0.40646675027780405,0.26854056361349393,0.3249926861087021
6645,1,2,0.3486206522291561,0.2743143158512662,0.37706503191957774
6646,2,2,0.09550573311553351,0.19107658225147087,0.7134176846329956
6647,1,2,0.30673203672012533,0.26675412139874344,0.4265138418811313
6648,2,2,0.29102582794642384,0.27594895553547955,0.4330252165180966
6649,2,2,0.11790551381216328,0.21557608016388982,0.6665184060239469
6650,2,2,0.07454376996129772,0.1656483908334075,0.7598078392052948
6651,0,2,0.21041728576747504,0.25544684578224525,0.5341358684502797
6652,2,2,0.181732811809905,0.26137952240442236,0.5568876657856726
6653,1,2,0.31345767303042904,0.271449653592209,0.41509267337736194
6654,0,0,0.36855628786673705,0.2748296883072304,0.35661402382603247
6655,0,2,0.24006564133761396,0.2577439612894225,0.5021903973729636
6656,2,2,0.10360126980181159,0.1995047676678547,0.6968939625303336
6657,2,2,0.3329381649664507,0.26446219478407507,0.40259964024947414
6658,0,2,0.3396309125211471,0.2714973660479152,0.3888717214309378
6659,2,0,0.5840032227648277,0.21950310443714485,0.19649367279802746
6660,0,0,0.4732045247292747,0.2486466134377882,0.2781488618329371
6661,2,2,0.2649669888912849,0.25281530688556797,0.4822177042231471
6662,2,2,0.03643679922735041,0.10772044534369869,0.8558427554289508
6663,0,0,0.4675516260853419,0.2616722871224541,0.2707760867922041
6664,2,2,0.21009643349421595,0.24684514529363585,0.5430584212121482
6665,0,0,0.4762492250456531,0.24446867387962926,0.2792821010747177
6666,0,0,0.4642455617139053,0.24905954349210147,0.28669489479399335
6667,2,2,0.31925427308662296,0.2705396515304194,0.4102060753829575
6668,2,2,0.1750962897468806,0.23315675451423673,0.5917469557388827
6669,2,2,0.052329799781402675,0.1337881738976708,0.8138820263209265
6670,1,2,0.24200544709857985,0.25231092603219457,0.5056836268692256
6671,1,2,0.2960900748173164,0.2592951033406187,0.44461482184206474
6672,1,0,0.565665555225973,0.22682043898937523,0.20751400578465184
6673,2,2,0.08288457215393802,0.17397994942947206,0.7431354784165899
6674,0,2,0.08368886413108981,0.17779401273510434,0.7385171231338059
6675,1,2,0.16127090369271072,0.22724518718410147,0.6114839091231878
6676,2,0,0.38159623257216085,0.27145065209618746,0.34695311533165163
6677,2,0,0.43872370419509976,0.26597377007417344,0.2953025257307268
6678,2,2,0.11710103558443682,0.20820807166102318,0.67469089275454
6679,2,2,0.2541135000385637,0.25018654151398956,0.49569995844744674
6680,2,2,0.3052159182867723,0.2594917675647031,0.4352923141485247
6681,2,2,0.12452125546219858,0.20318990448306604,0.6722888400547353
6682,0,2,0.1400056233060499,0.22955587891643178,0.6304384977775183
6683,0,0,0.5100763132621412,0.23854851700534746,0.25137516973251145
6684,2,2,0.35124805009539634,0.26071837927705943,0.3880335706275443
6685,2,2,0.2704345495762641,0.30627173220413384,0.4232937182196021
6686,0,0,0.6230831836062728,0.20716793879713397,0.16974887759659318
6687,0,2,0.2746544357901431,0.25054208627508073,0.4748034779347761
6688,1,2,0.29680520276900496,0.2805352910765707,0.4226595061544243
6689,1,2,0.16280093534146237,0.2303850076202241,0.6068140570383136
6690,2,2,0.20566508986774606,0.24357626662309415,0.5507586435091598
6691,0,0,0.531565662253069,0.23342374075593839,0.23501059699099267
6692,1,2,0.12490459058136584,0.2167312082226411,0.658364201195993
6693,2,2,0.26534342692117935,0.25099065996244946,0.48366591311637114
6694,2,0,0.3953392903931782,0.2570633335791774,0.34759737602764434
6695,2,2,0.03643679922735041,0.10772044534369869,0.8558427554289508
6696,1,2,0.09511358899252312,0.19035790577167847,0.7145285052357984
6697,2,2,0.31925427308662296,0.2705396515304194,0.4102060753829575
6698,0,2,0.16185941944695587,0.22811819038032413,0.6100223901727201
6699,2,0,0.4511333460078615,0.25128952669905325,0.2975771272930853
6700,0,2,0.11767509728855464,0.21091874925626464,0.6714061534551807
6701,0,0,0.5863119590032081,0.21949613164507686,0.19419190935171501
6702,0,2,0.26822370166291853,0.2568052980032918,0.4749710003337897
6703,0,0,0.6215802769383532,0.21907458793550202,0.15934513512614476
6704,0,0,0.496288211184479,0.25641449197125404,0.24729729684426693
6705,0,2,0.36187158009937787,0.2602442581081493,0.37788416179247286
6706,2,2,0.11358080734284756,0.20607688067586982,0.6803423119812826
6707,1,2,0.3533079762346808,0.2551551461496237,0.39153687761569556
6708,2,0,0.4100046263794914,0.26925018933116657,0.320745184289342
6709,2,0,0.469302105067744,0.24867074294397448,0.2820271519882816
6710,2,0,0.5646702379551225,0.22825703363832484,0.20707272840655264
6711,2,2,0.07962314032869082,0.17425212594131803,0.746124733729991
6712,1,2,0.1100549741569623,0.20551771792474616,0.6844273079182916
