,Outcome,Prediction,ProbA,ProbD,ProbH
6120,0,2,0.2518554536047534,0.2791505187090097,0.468994027686237
6121,0,2,0.36016602345661614,0.2781224378783961,0.3617115386649877
6122,1,0,0.5188805007565349,0.23066820712021693,0.25045129212324807
6123,1,2,0.321617136963292,0.22261280529951843,0.45577005773718965
6124,2,2,0.3508516330883364,0.2729202034312987,0.376228163480365
6125,0,2,0.31903875036535,0.2607939567027724,0.42016729293187766
6126,1,2,0.125163910331415,0.19372528172504724,0.6811108079435378
6127,0,2,0.2770652530247857,0.27132496180849985,0.4516097851667145
6128,2,2,0.10643418847353234,0.16973656723106081,0.7238292442954068
6129,2,2,0.16570980816641584,0.2308279027209213,0.6034622891126629
6130,0,0,0.44659804563703126,0.24749718131989262,0.3059047730430761
6131,2,2,0.0626075839407362,0.10472087839987673,0.8326715376593872
6132,0,0,0.40041285881175037,0.2698260050622266,0.32976113612602315
6133,1,2,0.2635839876143345,0.27747667418606514,0.4589393381996004
6134,1,0,0.38548657711902257,0.23759575332739918,0.37691766955357825
6135,0,0,0.3958111078442256,0.2584965140701547,0.3456923780856198
6136,2,2,0.18589008532551318,0.24406353630981079,0.5700463783646761
6137,2,2,0.08522456493292682,0.13876229138588336,0.7760131436811897
6138,2,2,0.1418163872784252,0.20961431837033703,0.6485692943512378
6139,0,2,0.3390551369783556,0.28196648532689417,0.3789783776947502
6140,0,0,0.6313750365298875,0.18968258092706794,0.17894238254304473
6141,2,0,0.49023959761564273,0.26506035945943074,0.24470004292492642
6142,0,2,0.20782145803334248,0.2615843700045601,0.5305941719620975
6143,1,2,0.09845360790400652,0.15706238541410156,0.744484006681892
6144,1,2,0.12783118918271252,0.19251221233661017,0.6796565984806773
6145,1,2,0.11586822164831252,0.1699632958482473,0.7141684825034402
6146,0,0,0.5750652380783194,0.22764034543742653,0.19729441648425408
6147,2,2,0.2191398387825234,0.25550193879793565,0.5253582224195409
6148,1,2,0.3382758882055687,0.2626594932662586,0.3990646185281727
6149,1,0,0.424484107574394,0.24769246586786536,0.3278234265577406
6150,0,2,0.15750158554621527,0.2264897099526012,0.6160087045011835
6151,0,2,0.1674532454055105,0.2372820303050962,0.5952647242893934
6152,1,0,0.395891694740918,0.2876041627204807,0.3165041425386012
6153,0,2,0.20688575832170691,0.26657589131056514,0.526538350367728
6154,1,2,0.13608428401767209,0.19719012763285945,0.6667255883494684
6155,0,2,0.19305785710635254,0.23822015591057835,0.5687219869830692
6156,2,2,0.24072740514007795,0.26886332736426943,0.4904092674956527
6157,2,2,0.09320661198859727,0.15051960334071968,0.756273784670683
6158,0,0,0.5687786135752638,0.22567033553237376,0.2055510508923623
6159,2,2,0.3549089475355987,0.2518728125131625,0.3932182399512387
6160,0,0,0.5131174136117858,0.2468337350161522,0.240048851372062
6161,0,0,0.5723686053336545,0.2282349748108333,0.1993964198555123
6162,2,2,0.13771562898617354,0.15840687914012938,0.7038774918736971
6163,2,2,0.13017359327719027,0.1936565263869388,0.6761698803358709
6164,2,2,0.3245552967730306,0.27437801756166064,0.40106668566530884
6165,2,2,0.12406109308586452,0.1584187130755615,0.717520193838574
6166,2,2,0.19215160523794145,0.22980144133657582,0.5780469534254827
6167,2,0,0.3616914900411605,0.2810645729562141,0.35724393700262536
6168,2,2,0.10691148896146756,0.1704239936925935,0.7226645173459388
6169,2,2,0.19833085545015233,0.2423547656625175,0.5593143788873302
6170,0,0,0.5512743431585915,0.24056316437268693,0.2081624924687216
6171,0,2,0.12308002202387452,0.1829527757837602,0.6939672021923653
6172,2,2,0.24377071550181909,0.2601343213470304,0.4960949631511504
6173,2,2,0.1800806415727174,0.2324469758274528,0.5874723825998298
6174,2,2,0.23844389101527952,0.2661755684320683,0.4953805405526521
6175,2,2,0.18468856039918408,0.23422680036555593,0.58108463923526
6176,1,2,0.1710252936654092,0.2223495326899033,0.6066251736446875
6177,1,0,0.5852503045103117,0.22063568091868885,0.19411401457099953
6178,0,0,0.5133144670139821,0.25618499366279524,0.23050053932322262
6179,1,2,0.32125666671990827,0.19761795484537611,0.48112537843471553
6180,2,2,0.09551283756133339,0.15389358207460319,0.7505935803640634
6181,2,2,0.07311022825699894,0.12066980914183922,0.8062199626011619
6182,0,2,0.280558931073085,0.23702641862358698,0.4824146503033281
6183,2,2,0.23334229992692884,0.2742127408367681,0.4924449592363031
6184,0,0,0.3936258359272518,0.26812694901015655,0.33824721506259164
6185,2,2,0.09237692761723117,0.1493032971489761,0.7583197752337928
6186,1,2,0.2660200231140799,0.27058192480437915,0.4633980520815409
6187,0,2,0.3375836814523,0.2679590931894757,0.3944572253582243
6188,2,2,0.19266136965200353,0.24868865144404043,0.5586499789039561
6189,0,0,0.6447792002929795,0.18092219853141722,0.1742986011756034
6190,2,2,0.1433108130909675,0.1988007055555421,0.6578884813534904
6191,2,2,0.3324942501700934,0.23915643844876933,0.4283493113811373
6192,2,2,0.20176375821292514,0.2397937633431578,0.558442478443917
6193,2,2,0.168980186525824,0.2255780160202253,0.6054417974539507
6194,2,0,0.42318812323606336,0.2558104367720503,0.3210014399918864
6195,2,2,0.1809450506590502,0.22923221677629652,0.5898227325646532
6196,2,2,0.13617847101810895,0.20592363833203048,0.6578978906498606
6197,0,0,0.6470922959098048,0.1794211487189074,0.1734865553712879
6198,2,0,0.5095207313894248,0.24744326270008177,0.2430360059104935
6199,2,2,0.07835748212268456,0.12854459352681905,0.7930979243504963
6200,1,0,0.4975311426779204,0.25638574332631414,0.2460831139957654
6201,0,2,0.18461961831355728,0.2054991869092565,0.6098811947771862
6202,0,0,0.6024774709419426,0.20892814298350773,0.1885943860745496
6203,0,2,0.11865116765824592,0.1849790444523987,0.6963697878893553
6204,2,0,0.5894365336515291,0.2177745543060073,0.19278891204246368
6205,0,0,0.4123913981142692,0.2716427666049947,0.31596583528073613
6206,2,2,0.2478829771493697,0.2798562169558986,0.4722608058947317
6207,2,2,0.32043835503869245,0.28054931540076844,0.3990123295605391
6208,2,2,0.19933723682814672,0.24007933224089054,0.5605834309309627
6209,1,2,0.13902261244238168,0.20553401374117905,0.6554433738164394
6210,2,2,0.08069136911887585,0.13202821257938793,0.7872804183017362
6211,2,2,0.2760158698401307,0.26388737590773476,0.46009675425213453
6212,2,2,0.17027103583525327,0.24216254600731807,0.5875664181574286
6213,0,2,0.1341805318818126,0.20795489144248985,0.6578645766756976
6214,2,2,0.18729725259736132,0.23372965556904118,0.5789730918335975
6215,1,2,0.1957443897271701,0.2310412138931996,0.5732143963796303
6216,0,2,0.18567098823946518,0.20590384973890344,0.6084251620216313
6217,0,2,0.22363491081133746,0.2499385782951293,0.5264265108935332
6218,2,2,0.20679869372079893,0.1704497836860531,0.6227515225931479
6219,0,0,0.674191993577529,0.16207032365275365,0.16373768276971742
6220,2,2,0.22244043409598754,0.2525440411009019,0.5250155248031105
6221,1,0,0.4957966359154699,0.24493181490315494,0.25927154918137524
6222,2,2,0.2927480785953726,0.23308729358546057,0.47416462781916685
6223,2,0,0.4418294303709108,0.273062019583388,0.28510855004570124
6224,2,2,0.17649205162200385,0.23046585328966634,0.5930420950883297
6225,2,2,0.21983770263694907,0.2513115292844588,0.5288507680785921
6226,0,0,0.5356158096916976,0.25062683349735176,0.2137573568109506
6227,1,0,0.4484405914215641,0.26692415682082554,0.28463525175761045
6228,0,2,0.23365298041128105,0.24635216017488834,0.5199948594138305
6229,2,2,0.16266864068687556,0.221742850171536,0.6155885091415885
6230,2,2,0.22177151240137516,0.26906553725337895,0.509162950345246
6231,2,2,0.16417164589630148,0.23049917517158222,0.6053291789321162
6232,2,2,0.08053711609074027,0.13179832342101472,0.787664560488245
6233,2,2,0.11168700470569631,0.17727950146817173,0.711033493826132
6234,2,0,0.5688077530135549,0.23197460370567047,0.19921764328077482
6235,2,2,0.15983482374999092,0.19616344547797948,0.6440017307720296
6236,2,2,0.08644621404659611,0.14056990750563936,0.7729838784477645
6237,0,0,0.4875501054834436,0.25632753369452405,0.25612236082203227
6238,2,2,0.10056248771955865,0.16124615349869323,0.7381913587817481
6239,2,2,0.3043290491046849,0.28363670533563,0.41203424555968515
6240,1,2,0.24986013105111343,0.2731013912580438,0.47703847769084273
6241,1,0,0.38889719161552055,0.248874009527609,0.36222879885687054
6242,2,2,0.16131358210078658,0.17927170798621825,0.6594147099129952
6243,1,2,0.14602320714600037,0.1975534228445907,0.656423370009409
6244,2,2,0.29035668016388677,0.2572850675061243,0.45235825232998894
6245,2,0,0.5869728468754594,0.2194571290633234,0.1935700240612173
6246,2,2,0.21964201891502738,0.22892019546993692,0.5514377856150356
6247,2,2,0.2743551550495207,0.26830744586765315,0.4573373990828261
6248,2,2,0.3574226926668666,0.2756909896822384,0.3668863176508951
6249,2,2,0.19011876041078354,0.24216182119022306,0.5677194183989933
6250,0,2,0.3868620306547223,0.21990600860407697,0.39323196074120076
6251,0,2,0.33951073507703616,0.27211299225886315,0.38837627266410063
6252,2,2,0.10251481617271324,0.16407617403794245,0.7334090097893442
6253,2,2,0.1140740554527011,0.1806911376023354,0.7052348069449634
6254,1,0,0.6177941560339053,0.19866615342524604,0.18353969054084865
6255,0,2,0.09077982815477506,0.146958229742549,0.762261942102676
6256,1,0,0.5671614863089965,0.23311879620442424,0.19971971748657905
6257,2,2,0.08155862104052738,0.13331978910634662,0.7851215898531261
6258,2,2,0.24767107582986211,0.2597825010287795,0.4925464231413585
6259,0,0,0.5505633687641995,0.2447462410804557,0.2046903901553448
6260,1,0,0.43087791544712334,0.24558617992514642,0.32353590462773013
6261,0,2,0.16108115102110404,0.2243284265304747,0.6145904224484213
6262,0,2,0.2966612617645146,0.2516811437162377,0.45165759451924775
6263,1,2,0.2316356049023994,0.25982832617172574,0.5085360689258749
6264,0,2,0.1510305839703702,0.21632615428940447,0.6326432617402254
6265,1,0,0.3651977421438451,0.2794393342955132,0.35536292356064175
6266,2,2,0.35791234739924593,0.2760633644730388,0.3660242881277153
6267,0,2,0.202008041412399,0.2532294899640399,0.544762468623561
6268,0,2,0.15329926594453655,0.18726296113272492,0.6594377729227385
6269,2,2,0.31994217313573486,0.2818431156015409,0.3982147112627242
6270,2,2,0.38465951083248423,0.22671131539000947,0.38862917377750633
6271,2,2,0.3707945130827366,0.22295215884354652,0.40625332807371684
6272,0,2,0.19312935114107996,0.23914309574695375,0.5677275531119662
6273,2,0,0.4296007767754274,0.25438639830313836,0.31601282492143434
6274,1,2,0.16415630310548313,0.22417740309526257,0.6116662937992543
6275,2,2,0.09605348882982596,0.154683085965319,0.749263425204855
6276,2,0,0.4497824153505456,0.25677021090882807,0.2934473737406263
6277,1,2,0.19762186018602634,0.2469586331055069,0.5554195067084667
6278,2,2,0.08669293056738911,0.14093459901532346,0.7723724704172875
6279,2,2,0.1527631414686093,0.20463457411364921,0.6426022844177414
6280,0,0,0.5071569267468101,0.24538152427768348,0.24746154897550643
6281,2,2,0.131318558418846,0.20504603364677543,0.6636354079343786
6282,1,2,0.35065466241546844,0.28539432967910183,0.3639510079054297
6283,0,0,0.38164008400825666,0.2672067559483131,0.3511531600434302
6284,2,2,0.19430492325870868,0.19596285098306454,0.6097322257582268
6285,1,2,0.144625631570507,0.20246970974372502,0.652904658685768
6286,0,2,0.13911716033446672,0.19996315983611052,0.6609196798294228
6287,1,0,0.6069878572830572,0.2058918803058163,0.18712026241112656
6288,2,2,0.09722762721993003,0.15639576175697892,0.746376611023091
6289,2,2,0.32402851513170977,0.2837741150516966,0.3921973698165937
6290,2,0,0.41201658635852495,0.27940841629704877,0.30857499734442634
6291,2,2,0.18096512117906013,0.24546620756506154,0.5735686712558784
6292,0,2,0.31988960261892935,0.252418501797599,0.4276918955834716
6293,0,0,0.4600309039013815,0.24815475546985089,0.29181434062876754
6294,0,2,0.1650963169769255,0.2310875316774421,0.6038161513456325
6295,1,2,0.17868701423167835,0.23559057949331505,0.5857224062750067
6296,1,2,0.1341096738746006,0.1809361374056442,0.6849541887197552
6297,2,0,0.5196712388080047,0.23189522374724011,0.2484335374447552
6298,1,2,0.20170109005750017,0.24663939697494178,0.551659512967558
6299,1,2,0.2150694135919639,0.20361304939951974,0.5813175370085164
6300,2,2,0.1378058008827391,0.19566580291035415,0.6665283962069067
6301,1,0,0.47444587029142343,0.2691212313968302,0.2564328983117465
6302,2,2,0.09509268130180051,0.1388080594892573,0.7660992592089422
6303,2,2,0.11766298996756407,0.18274031629743914,0.6995966937349968
6304,2,0,0.4070908497205043,0.27968130449770995,0.3132278457817857
6305,2,2,0.23396909579975325,0.2601619797806405,0.5058689244196063
6306,2,0,0.37514978245462605,0.2671470759407973,0.3577031416045767
6307,1,2,0.25915881823557047,0.2648419472566154,0.47599923450781406
6308,2,2,0.3169300563648385,0.20656375371258587,0.47650618992257543
6309,2,2,0.1998370218442898,0.24297111305863556,0.5571918650970746
6310,2,2,0.28521502438541474,0.25086475594613195,0.46392021966845326
6311,1,2,0.1456774151896958,0.21538338970896406,0.6389391951013401
6312,2,2,0.09848924057772136,0.1582331516453551,0.7432776077769236
6313,1,2,0.18870396390562413,0.2436495050833294,0.5676465310110465
6314,2,0,0.5869959092156092,0.21944136192715796,0.1935627288572328
6315,2,2,0.1765389869672011,0.23533747464021573,0.5881235383925831
6316,2,2,0.2626822545700598,0.2683438386720639,0.4689739067578763
6317,2,2,0.20435758127228332,0.21298575389114405,0.5826566648365726
6318,0,0,0.6214499666650423,0.19623721892292892,0.18231281441202876
6319,1,2,0.216275273704194,0.24125068107688044,0.5424740452189256
6320,2,2,0.2678970247317059,0.2428243836429244,0.4892785916253697
6321,2,2,0.09127298633866031,0.13922774672306978,0.7694992669382699
6322,0,2,0.26784964326912813,0.2579222621747483,0.4742280945561236
6323,1,2,0.2637678740909517,0.2661660069359467,0.47006611897310163
6324,0,0,0.5703074817163362,0.23093367517408514,0.19875884310957875
6325,0,2,0.21936422872193873,0.25119867869802087,0.5294370925800405
6326,2,2,0.24784520900329352,0.27302046279036724,0.47913432820633933
6327,2,2,0.11326642761460141,0.16640001033162483,0.7203335620537737
6328,1,2,0.13941464987679256,0.21384498255923678,0.6467403675639708
6329,0,2,0.1533241381801761,0.22124426131277738,0.6254316005070466
6330,2,0,0.5290515476757772,0.24362739850286264,0.22732105382136028
6331,2,2,0.13079404331925534,0.192484517086207,0.6767214395945377
6332,0,0,0.5013632724940135,0.23538753645894206,0.2632491910470446
6333,2,0,0.5729639521904398,0.22514108133934663,0.20189496647021354
6334,2,2,0.3315286546099869,0.27426545193219065,0.39420589345782237
6335,1,2,0.32736002523486096,0.28241526625916263,0.39022470850597635
6336,1,2,0.24182527910917997,0.25961597851037266,0.49855874238044734
6337,2,0,0.4543579758674137,0.27183153840177326,0.27381048573081307
6338,0,2,0.14405920958556015,0.17750781588954037,0.6784329745248996
6339,2,2,0.21169065011154298,0.24520848322753705,0.5431008666609201
6340,1,2,0.21711960880793432,0.17868893345099957,0.6041914577410661
6341,2,2,0.16562784009917175,0.217662892695432,0.6167092672053963
6342,0,2,0.18070724360557386,0.19599912901838945,0.6232936273760368
6343,1,2,0.19042492520278242,0.24583190659325932,0.5637431682039583
6344,2,2,0.1138092998087145,0.1803132340574508,0.7058774661338346
6345,2,2,0.3325022563599858,0.2859103216307244,0.38158742200928986
6346,2,0,0.43034452992111777,0.25010084809871624,0.31955462198016593
6347,0,0,0.4906220608550825,0.23194752420845963,0.2774304149364579
6348,2,2,0.26356345685131793,0.2643504175971422,0.47208612555153995
6349,2,2,0.11327012241437841,0.1795432508477758,0.7071866267378457
6350,2,2,0.23662979706351256,0.24749234287536698,0.5158778600611205
6351,0,0,0.549473828531648,0.23135957631791557,0.21916659515043654
6352,2,2,0.15188569375866062,0.21951113348759213,0.6286031727537473
6353,0,0,0.5768566618400497,0.2264038283615461,0.19673950979840416
6354,2,2,0.09728286880917074,0.15647627694630706,0.7462408542445222
6355,0,2,0.2683465978792159,0.277063758065458,0.4545896440553261
6356,2,2,0.16797792687331392,0.22701353853035527,0.6050085345963307
6357,0,0,0.5867464207537215,0.21961194763155484,0.1936416316147236
6358,0,0,0.5429448317488142,0.23178463219838188,0.22527053605280384
6359,0,2,0.30982385179496225,0.25853442979575,0.4316417184092878
6360,1,2,0.2735457198450504,0.26856967928164316,0.4578846008733064
6361,1,2,0.12113943224886496,0.18376042486478536,0.6951001428863497
6362,2,2,0.1613067927974135,0.22280059055108503,0.6158926166515015
6363,2,2,0.059865988658566696,0.10051383987591667,0.8396201714655166
6364,0,0,0.3860528520980403,0.26642996919379425,0.34751717870816545
6365,0,0,0.3722966389737863,0.28357255339697623,0.3441308076292376
6366,1,2,0.3113556248878216,0.2346193299124306,0.4540250451997477
6367,2,2,0.28927624653324074,0.27412488617680036,0.43659886728995895
6368,2,2,0.0956353933072909,0.14268420340726082,0.7616804032854483
6369,2,2,0.11086127640720721,0.17609701669787636,0.7130417068949165
6370,2,2,0.3107182490849837,0.2825692109175381,0.40671253999747814
6371,1,0,0.49278280654576606,0.25645256843427133,0.2507646250199626
6372,2,2,0.12932909991114988,0.20199360463557856,0.6686772954532716
6373,2,2,0.12926464096965476,0.15745496161638578,0.7132803974139594
6374,2,2,0.100735173221687,0.16149675437907482,0.7377680723992381
6375,2,2,0.27022747682499265,0.2614584315870913,0.46831409158791604
6376,1,2,0.26489709506729003,0.27965489231691076,0.45544801261579926
6377,1,0,0.5817821141210615,0.22301394698474708,0.1952039388941914
6378,1,0,0.37329085566640724,0.2629222779029837,0.363786866430609
6379,2,2,0.16978964744722624,0.22712660600319695,0.6030837465495769
6380,0,2,0.18929917584607006,0.2507423974914181,0.5599584266625119
6381,1,2,0.07359350533953124,0.12139759966019988,0.8050088950002688
6382,2,0,0.5678799903414552,0.22562396773859833,0.2064960419199465
6383,1,0,0.46447896014302575,0.25957189053058105,0.27594914932639325
6384,0,0,0.512075448130966,0.24645926661671125,0.24146528525232278
6385,2,2,0.07835080137056524,0.12853460516205534,0.7931145934673793
6386,0,2,0.27032820798552787,0.26036794331142105,0.4693038487030512
6387,1,2,0.11205702871014689,0.177809004724428,0.710133966565425
6388,0,0,0.5619913902556848,0.23672273273884273,0.2012858770054726
6389,1,2,0.11341936902432961,0.17975643642147693,0.7068241945541935
6390,2,2,0.14594147552387457,0.1637805843821027,0.6902779400940228
6391,0,0,0.4318182508471412,0.27074461983112535,0.2974371293217335
6392,1,2,0.1873304932297848,0.23367806520896678,0.5789914415612485
6393,0,0,0.6334101563252417,0.1883457147144944,0.17824412896026387
6394,1,2,0.27947147029821356,0.27433380338538,0.4461947263164065
6395,1,2,0.16472411411052265,0.22647079978950893,0.6088050860999685
6396,0,0,0.6130074811208882,0.20185832385597194,0.1851341950231399
6397,2,0,0.5175661001641451,0.24437979474853044,0.2380541050873245
6398,1,2,0.2583570039369245,0.28174514045927684,0.45989785560379864
6399,2,2,0.1517211121124504,0.19322302657311718,0.6550558613144324
6400,0,2,0.3249369878983087,0.2712845330657067,0.40377847903598457
6401,1,2,0.21113109177207892,0.24968902954545868,0.5391798786824624
6402,2,0,0.4962470453161934,0.23521408043857447,0.2685388742452321
6403,1,0,0.436575099843116,0.24840736270350888,0.31501753745337513
6404,1,0,0.5276027198822941,0.2553228052660423,0.21707447485166353
6405,2,2,0.10733888857153465,0.1710392041448654,0.7216219072836
6406,2,2,0.07324693493271343,0.12087573493503415,0.8058773301322524
6407,2,2,0.12395079615934904,0.1947022614162094,0.6813469424244416
6408,0,0,0.3964876671867165,0.2681623662837967,0.3353499665294867
6409,2,2,0.2210429488081241,0.24842507396688562,0.5305319772249903
6410,0,0,0.5824763022080953,0.22253734349302687,0.1949863542988779
6411,0,2,0.31870213083448584,0.25829188960918936,0.4230059795563249
6412,2,2,0.08730952485957404,0.14184550539096766,0.7708449697494584
6413,2,2,0.1439607663792741,0.19888833571570916,0.6571508979050168
6414,1,2,0.20093709289418135,0.25652930460285905,0.5425336025029596
6415,0,0,0.5920128234536122,0.21601892949307175,0.19196824705331603
6416,2,2,0.35359855163758774,0.28855455688855486,0.3578468914738574
6417,0,2,0.19819692465145672,0.2449230059609105,0.5568800693876328
6418,0,0,0.6107431691500463,0.20337306220033496,0.18588376864961867
6419,2,2,0.1528761341286538,0.20403939478266622,0.6430844710886799
6420,2,2,0.12226772155533669,0.17347249158268208,0.7042597868619812
6421,0,2,0.33839012547544123,0.2505327046258184,0.41107716989874044
6422,2,2,0.0917769969413444,0.14842298060183845,0.7598000224568172
6423,2,2,0.20087608581702543,0.25847687035538736,0.5406470438275872
6424,1,2,0.29585879611971067,0.2535996655847608,0.4505415382955286
6425,1,2,0.3149275785986687,0.2845294312384864,0.40054299016284484
6426,2,2,0.09834079698124303,0.15801711559021597,0.7436420874285409
6427,0,0,0.5381244974935621,0.24361477266192835,0.2182607298445096
6428,2,2,0.16999095559329183,0.23225497131717243,0.5977540730895357
6429,1,2,0.33116054226150665,0.22484763432927335,0.44399182340922
6430,1,2,0.308032290488759,0.25856953474025324,0.4333981747709878
6431,2,2,0.08306581727112919,0.13556071758815477,0.781373465140716
6432,0,2,0.10532615405517798,0.1626142758355825,0.7320595701092395
6433,0,0,0.6473300679496501,0.179267028480232,0.1734029035701179
6434,1,0,0.5127559289080075,0.26600850695159717,0.22123556414039536
6435,1,2,0.22280323383861914,0.26658701254241696,0.5106097536189639
6436,2,2,0.13908923839544218,0.2016503593717069,0.659260402232851
6437,1,2,0.10294456730407235,0.1597127415577356,0.7373426911381921
6438,2,2,0.1727015779212712,0.22967800042417988,0.597620421654549
6439,0,0,0.47673305774491803,0.25675128216929843,0.2665156600857836
6440,2,2,0.0983813501202172,0.15807613831697004,0.7435425115628127
6441,2,2,0.13995109868163336,0.20235360863069937,0.6576952926876672
6442,2,2,0.14163082090168294,0.2176517262831664,0.6407174528151507
6443,2,2,0.21331703687095907,0.2615034119177009,0.5251795512113401
6444,0,2,0.21575682396662071,0.19619541620737335,0.588047759826006
6445,2,0,0.46480594714079476,0.2693928502068847,0.2658012026523205
6446,1,2,0.12100508842094038,0.19054101544367064,0.688453896135389
6447,0,2,0.12913251263398348,0.19258199627611833,0.6782854910898982
6448,1,2,0.17032055731525692,0.2391279828703488,0.5905514598143943
6449,1,0,0.5026449833773793,0.23491344360880712,0.26244157301381366
6450,0,2,0.18215682569345554,0.23712970001320022,0.5807134742933442
6451,2,2,0.2301554856910838,0.2430970345690123,0.5267474797399039
6452,1,2,0.2286791967411338,0.27580859308512506,0.4955122101737412
6453,2,2,0.08971050485651179,0.14538534005411327,0.7649041550893749
6454,1,2,0.27810529461604055,0.24637809228532187,0.4755166130986375
6455,0,0,0.5588323364076517,0.2389327615181109,0.2022349020742372
6456,0,2,0.292247976027853,0.2728339388105997,0.43491808516154723
6457,2,2,0.08210469483327192,0.13413224304019203,0.7837630621265361
6458,0,2,0.20502896328636938,0.21341141023405263,0.5815596264795779
6459,1,2,0.2788720246052175,0.27986669088712207,0.4412612845076605
6460,0,2,0.2543654317072636,0.25361294663388756,0.4920216216588488
6461,0,0,0.5576873298838576,0.23973528175432215,0.20257738836182015
6462,0,0,0.5477716670543238,0.23185182960077036,0.22037650334490577
6463,1,2,0.2245877584208088,0.2544619796722943,0.5209502619068969
6464,2,0,0.41113208639765386,0.24135821173228955,0.34750970187005653
6465,0,0,0.6330047672730815,0.18861181987120812,0.17838341285571022
6466,0,2,0.16293513638850668,0.22269413943397864,0.6143707241775147
6467,2,2,0.12009227150649907,0.1852175835168472,0.6946901449766537
6468,2,2,0.2815143213166567,0.26498831015647256,0.4534973685268708
6469,0,2,0.3162253625865118,0.27830698361426953,0.4054676537992186
6470,2,2,0.07988471178155543,0.1308254703746071,0.7892898178438376
6471,0,2,0.1161950123515265,0.18153200188771426,0.7022729857607592
6472,2,2,0.17728992921036066,0.2066974817134777,0.6160125890761616
6473,1,0,0.6240648297897893,0.19450471404170006,0.1814304561685107
6474,0,2,0.23933886458601505,0.27137633424850666,0.48928480116547823
6475,0,2,0.19284114323733345,0.23709127747279074,0.5700675792898758
6476,2,2,0.19525544939179093,0.19712302948104946,0.6076215211271596
6477,1,0,0.45272993633245856,0.25875050285181256,0.288519560815729
6478,0,2,0.159851261456305,0.2293392094559706,0.6108095290877243
6479,0,0,0.5674660909883383,0.23290696628288624,0.19962694272877554
6480,0,2,0.2932929441411564,0.2548968702789951,0.4518101855798485
6481,1,0,0.5373329345925424,0.25338468408275694,0.20928238132470064
6482,1,2,0.2894799383148638,0.26537993330934184,0.44514012837579436
6483,0,0,0.44882412671832533,0.24817828168517075,0.30299759159650386
6484,0,2,0.17376880150440693,0.223013357345782,0.6032178411498111
6485,2,2,0.23936774850816064,0.2713627638984479,0.4892694875933914
6486,1,2,0.31198261933929966,0.20492173675588746,0.4830956439048129
6487,2,2,0.16236004389956693,0.21688537895618937,0.6207545771442438
6488,2,2,0.15122907752732703,0.21440935898036095,0.634361563492312
6489,0,2,0.17636256984338183,0.19809916406879652,0.6255382660878216
6490,0,2,0.2424195843198206,0.2700474324996526,0.4875329831805268
6491,0,2,0.24926358105038848,0.26162472061487696,0.48911169833473456
6492,2,2,0.11127926896361205,0.17669575353744682,0.7120249774989411
6493,1,2,0.21988369514081813,0.24186425923920027,0.5382520456199815
6494,0,2,0.3643584068303069,0.21556664603014547,0.4200749471395476
6495,0,2,0.3154963540561045,0.2721580562705153,0.4123455896733803
6496,0,0,0.4659708716146926,0.26923317944109554,0.26479594894421193
6497,0,0,0.5573430595644695,0.23087522705649538,0.2117817133790351
6498,2,2,0.23620102845423802,0.2609018153605326,0.5028971561852295
6499,0,2,0.31407639625270745,0.27869368504237874,0.4072299187049139
6500,2,2,0.11487611468410537,0.1818352238459375,0.703288661469957
6501,1,2,0.17519917178178449,0.23584367120304706,0.5889571570151685
6502,1,0,0.43866032774630215,0.25018890443940583,0.31115076781429196
6503,1,0,0.3778355949699581,0.2706641446023436,0.35150026042769833
6504,2,2,0.23929454696958471,0.18116693638142084,0.5795385166489945
6505,0,2,0.2146250312866004,0.2548158112066704,0.5305591575067292
6506,1,2,0.21782933733590218,0.2581274656630503,0.5240431970010474
6507,2,2,0.2025565874785476,0.23493319521106681,0.5625102173103855
6508,2,2,0.09418989508138115,0.145518646542764,0.7602914583758548
6509,2,2,0.3213874621594895,0.26077795642074686,0.4178345814197636
6510,0,0,0.6015417810322985,0.20955952607746714,0.1888986928902344
6511,0,2,0.09797460194095618,0.15748400106205224,0.7445413969969916
6512,2,2,0.23138724697322918,0.2576439182497662,0.5109688347770046
6513,0,2,0.25553038373654324,0.23052646995194637,0.5139431463115104
6514,1,2,0.32516244377421083,0.28488786259733756,0.38994969362845167
6515,0,0,0.6362246963207341,0.186500859547284,0.1772744441319819
6516,2,2,0.16526171539228435,0.22681844417984395,0.6079198404278717
6517,0,2,0.11036781908116641,0.17538978602820557,0.714242394890628
6518,2,0,0.3795397144300256,0.2668524200306307,0.35360786553934365
6519,0,2,0.19985265710727088,0.24096538834920386,0.5591819545435252
6520,2,0,0.4001525905042163,0.24013888953077403,0.35970851996500963
6521,2,2,0.08723007690132789,0.14172817793457118,0.771041745164101
6522,1,0,0.4815692382824256,0.24953406283693252,0.268896698880642
6523,2,2,0.2474613789077283,0.2539380224758867,0.49860059861638484
6524,1,2,0.1881093436512245,0.24336097258688152,0.568529683761894
6525,2,2,0.21432817301251111,0.2533724098902538,0.5322994170972352
6526,1,2,0.19468862518302088,0.2303290770648874,0.5749822977520916
6527,1,2,0.1487220885808094,0.18048103558279585,0.6707968758363948
6528,2,0,0.4125628082257521,0.22949321114645901,0.3579439806277889
6529,2,2,0.21386399588445845,0.2532265080366507,0.5329094960788909
6530,0,0,0.39973162663653444,0.2265231870191692,0.3737451863442962
6531,1,2,0.28680207786681866,0.2750139800090982,0.4381839421240831
6532,0,2,0.2554454839872262,0.2651313343839923,0.4794231816287815
6533,0,0,0.5328619870739881,0.2561229886047545,0.21101502432125746
6534,1,0,0.3930203302129279,0.2789691690060814,0.3280105007809906
6535,2,2,0.25516056760092354,0.23999294290861403,0.5048464894904625
6536,2,2,0.2477619451187695,0.2151815506902138,0.5370565041910166
6537,2,2,0.15048327849867055,0.1983824722086244,0.651134249292705
6538,2,2,0.17552413512669005,0.22932928650793596,0.595146578365374
6539,0,2,0.19420210078417646,0.24046612863191605,0.5653317705839075
6540,1,0,0.6107895878170693,0.2033419795706262,0.1858684326123046
6541,0,0,0.5583002015866358,0.22694091644668019,0.2147588819666839
6542,2,2,0.1959908782556738,0.2118662800882044,0.5921428416561217
6543,2,2,0.11494371044599358,0.1819315936342658,0.7031246959197407
6544,2,2,0.20185556262478382,0.25027084072331207,0.5478735966519042
6545,0,0,0.38701657430987224,0.25020791492890754,0.3627755107612202
6546,0,2,0.29693393794050754,0.27496506941128707,0.4281009926482054
6547,2,2,0.21084997850297682,0.26746141000423734,0.5216886114927858
6548,0,0,0.5044837809176929,0.2565084740095812,0.23900774507272587
6549,2,2,0.1854620463608984,0.2476653059667226,0.566872647672379
6550,1,2,0.25944249813997683,0.2042511339581502,0.536306367901873
6551,1,2,0.21018702530055308,0.23803392435794,0.5517790503415069
6552,2,2,0.1851067751399016,0.23598767690154618,0.5789055479585523
6553,2,2,0.11916467733971035,0.1563758251912713,0.7244594974690185
6554,2,2,0.09221602380998306,0.14906726091022282,0.7587167152797942
6555,1,2,0.23787154038835037,0.2773851913362032,0.4847432682754465
6556,1,0,0.41678017022532005,0.24803188329764297,0.33518794647703704
6557,2,0,0.47009267370955304,0.26839621212794396,0.26151111416250294
6558,0,2,0.18743728057703635,0.22462881717153865,0.587933902251425
6559,1,0,0.3883321345744959,0.27584004257846717,0.335827822847037
6560,2,2,0.1354759174960134,0.21084253125827332,0.6536815512457133
6561,1,0,0.5001951121647041,0.24806814004661207,0.25173674778868377
6562,0,2,0.1763480825559481,0.23619135199823468,0.5874605654458173
6563,2,2,0.17563547191899828,0.2292696221729266,0.5950949059080751
6564,1,2,0.32861849675673577,0.1991391883022789,0.4722423149409853
6565,2,2,0.28545472476075473,0.2177872595066616,0.49675801573258366
6566,1,2,0.28999728094504695,0.2772051138746976,0.43279760518025534
6567,2,2,0.10069509739951261,0.1614386013211804,0.737866301279307
6568,1,2,0.10395046304431227,0.16615278238462883,0.7298967545710588
6569,2,2,0.14964233163957275,0.22112909492239424,0.6292285734380331
6570,0,2,0.1807059300751209,0.23034225679486206,0.5889518131300171
6571,2,2,0.09724426307053229,0.1538482705311881,0.7489074663982795
6572,0,0,0.5919094111058463,0.21608932451398807,0.1920012643801657
6573,2,2,0.20072635917295903,0.2423329460709892,0.5569406947560517
6574,2,0,0.3731736515437121,0.2541766273444213,0.3726497211118666
6575,0,2,0.34979730889206817,0.28658974862750974,0.3636129424804221
6576,2,0,0.384901198569461,0.26874472498217294,0.3463540764483661
6577,0,2,0.31669744287441937,0.28342757500027566,0.3998749821253049
6578,2,2,0.31005073403218764,0.23470551300058473,0.45524375296722763
6579,1,2,0.15897905536211654,0.2085762048787427,0.6324447397591407
6580,2,2,0.2761897300824853,0.2579250318926051,0.46588523802490944
6581,0,2,0.32338879403918536,0.2838056853547792,0.39280552060603546
6582,1,2,0.20870317853303733,0.17711052121433082,0.6141863002526319
6583,0,2,0.3366590895336128,0.26348783317200947,0.3998530772943777
6584,0,0,0.6492755886160633,0.17800722169186267,0.17271718969207403
6585,1,0,0.40303027874987224,0.25212014192661325,0.3448495793235144
6586,0,2,0.23983447109633735,0.2595175157417019,0.5006480131619608
6587,1,2,0.09561761418619776,0.1395251708053989,0.7648572150084034
6588,2,2,0.2467284396237428,0.2528267935735986,0.5004447668026586
6589,2,2,0.22643385140638372,0.27224667071348946,0.5013194778801269
6590,2,2,0.3798441751048896,0.23288366486029835,0.38727216003481213
6591,1,2,0.1539929426131234,0.2193481268595663,0.6266589305273101
6592,1,2,0.21359122629423336,0.2475366567286889,0.5388721169770778
6593,2,2,0.0799040839567008,0.13085437064229224,0.7892415454010069
6594,0,2,0.3459657355090047,0.2802030418795555,0.3738312226114398
6595,0,2,0.15443217664823522,0.18678704072583655,0.6587807826259283
6596,0,0,0.4671648169021673,0.25771645925051906,0.2751187238473138
6597,2,2,0.18643573667413277,0.23567331832339214,0.5778909450024751
6598,2,2,0.10774442886251623,0.1621424066275843,0.7301131645098995
6599,0,2,0.3529200409129933,0.2845747840187409,0.36250517506826585
6600,2,2,0.11049922162690175,0.17501149275826156,0.7144892856148367
6601,2,2,0.3574787878170032,0.27466556165365524,0.36785565052934155
6602,0,0,0.5171274261428142,0.23056474459850634,0.25230782925867945
6603,1,2,0.1275345208224819,0.1997449494047112,0.6727205297728069
6604,2,2,0.208061729210015,0.2489748047112145,0.5429634660787706
6605,2,2,0.13020593734235797,0.19196464910734584,0.6778294135502962
6606,0,2,0.2299164421797836,0.2454281412116528,0.5246554166085635
6607,2,0,0.5821986939316945,0.22272790448131027,0.19507340158699515
6608,0,0,0.498353167324762,0.24638153687084488,0.2552652958043932
6609,0,2,0.295698029773685,0.25254814431309747,0.4517538259132176
6610,0,0,0.6102456684578492,0.20370627575089756,0.18604805579125308
6611,0,0,0.5766144077354959,0.22388656305482718,0.19949902920967688
6612,1,2,0.07744513893765888,0.12717967328318996,0.7953751877791512
6613,2,2,0.35448551100512204,0.27522606563098573,0.3702884233638923
6614,0,2,0.14531959014444704,0.21101301968991318,0.6436673901656398
6615,2,2,0.09524981613469108,0.15350929630048935,0.7512408875648195
6616,2,2,0.16716114334149085,0.23414840296849465,0.5986904536900145
6617,2,2,0.2893810604471148,0.27747488156481126,0.433144057988074
6618,2,2,0.18351908360754604,0.19550442542615387,0.6209764909663001
6619,0,2,0.2826359483688516,0.27661275640822797,0.4407512952229204
6620,1,2,0.19209472828648388,0.19863426501286463,0.6092710067006516
6621,0,2,0.0999385712764895,0.1603402682170746,0.739721160506436
6622,2,2,0.1740435138539905,0.23705053812314006,0.5889059480228694
6623,2,0,0.5187987529073885,0.2478362178879543,0.23336502920465718
6624,2,2,0.14837507378152642,0.21219895786096538,0.6394259683575082
6625,0,0,0.3844370835383883,0.257723466503484,0.3578394499581278
6626,2,2,0.18895776466950173,0.24619638681917633,0.5648458485113219
6627,2,0,0.5870367378140984,0.219413449226259,0.1935498129596426
6628,2,2,0.061615041034339596,0.10319998250102405,0.8351849764646363
6629,0,2,0.20264458759564932,0.24256073023384378,0.554794682170507
6630,1,2,0.12253083799067153,0.15412005525027866,0.7233491067590498
6631,2,2,0.31218343947933275,0.25684324414121124,0.430973316379456
6632,1,2,0.13650423129960873,0.19621074468105806,0.6672850240193331
6633,1,2,0.16547310456060113,0.21699728413163324,0.6175296113077656
6634,2,2,0.10924090915823828,0.1737730641295466,0.7169860267122152
6635,1,0,0.37128098486085587,0.27948676472625816,0.3492322504128861
6636,0,0,0.3694258542799754,0.28137387443000905,0.34920027129001563
6637,0,0,0.4518786699860012,0.2172238216833816,0.33089750833061726
6638,0,2,0.23805773281574633,0.272999736556339,0.48894253062791454
6639,0,0,0.6014132720309496,0.20964628151550319,0.1889404464535472
6640,2,2,0.0723742211336635,0.1195604222025454,0.8080653566637911
6641,0,2,0.2322420780787482,0.26979737983549756,0.4979605420857542
6642,2,0,0.5067126423010556,0.2631074090272327,0.23017994867171176
6643,1,2,0.32936103251541865,0.26609386988658323,0.40454509759799817
6644,1,0,0.3815913330507682,0.25532493099762654,0.36308373595160537
6645,1,0,0.40791927937063743,0.2525468955467409,0.3395338250826217
6646,2,2,0.09128683807622459,0.14770322257862578,0.7610099393451495
6647,1,2,0.20519111981156896,0.24129655530135638,0.5535123248870747
6648,2,0,0.45265924220359066,0.25194935519335804,0.29539140260305113
6649,2,2,0.14202695885002958,0.19803961005494866,0.6599334310950218
6650,2,2,0.1577082926609892,0.1957302523703777,0.646561454968633
6651,0,2,0.17351762990738853,0.22555056982319668,0.6009318002694148
6652,2,2,0.10625470598938887,0.16947796377677718,0.7242673302338339
6653,1,0,0.5786455508329552,0.2251709739764612,0.19618347519058355
6654,0,0,0.5626521942055794,0.22444886064187472,0.2128989451525459
6655,0,2,0.21604489245346342,0.2504238311481684,0.5335312763983682
6656,2,2,0.26238482006181546,0.26680019445002323,0.4708149854881615
6657,2,0,0.38539741144901335,0.2809618687534882,0.3336407197974984
6658,0,0,0.47145305871869303,0.2678634742785897,0.26068346700271733
6659,2,0,0.42688731794825113,0.25823361444024334,0.3148790676115054
6660,0,0,0.5885977285693901,0.21834701161955863,0.19305525981105123
6661,2,0,0.5266872238949718,0.2465540411698595,0.22675873493516877
6662,2,2,0.10055269892746752,0.16123194637417843,0.7382153546983541
6663,0,2,0.3228708574986695,0.2744711498618377,0.4026579926394929
6664,2,2,0.2535837934127327,0.2595498056459472,0.4868664009413201
6665,0,0,0.4049522366623026,0.27510847385169873,0.3199392894859987
6666,0,0,0.5046033855441027,0.24897482279973338,0.24642179165616396
6667,2,2,0.2023433850832512,0.24455762977748682,0.553098985139262
6668,2,2,0.19556547819634165,0.22806311796134587,0.5763714038423124
6669,2,2,0.09581480839264504,0.1543346131023537,0.7498505785050013
6670,1,2,0.21531439500233598,0.2537397031154646,0.5309459018821994
6671,1,2,0.1938113668615152,0.23620549256006396,0.5699831405784208
6672,1,2,0.38352281125816057,0.2195091887509209,0.3969679999909185
6673,2,2,0.09437220858225881,0.15222612318200618,0.753401668235735
6674,0,2,0.15069333567663737,0.21927495675570313,0.6300317075676595
6675,1,2,0.2969065386978213,0.2659379081060283,0.43715555319615046
6676,2,0,0.5716266578617542,0.2300191796572464,0.1983541624809994
6677,2,2,0.3315181701540996,0.28441445682023175,0.38406737302566857
6678,2,2,0.09802460860720327,0.15755681659694945,0.7444185747958473
6679,2,2,0.2152537410022956,0.2557284446350282,0.5290178143626761
6680,2,0,0.48243750659573076,0.24745296095569108,0.27010953244857816
6681,2,2,0.10225477162764814,0.1398259910608181,0.7579192373115337
6682,0,2,0.2274725338445914,0.2552140970679056,0.517313369087503
6683,0,2,0.3379382561029292,0.25015530676427994,0.4119064371327908
6684,2,2,0.10472387530839057,0.1672699402372333,0.7280061844543761
6685,2,2,0.20023467805066428,0.25671584442227885,0.5430494775270568
6686,0,0,0.6560484476969844,0.17363890221097922,0.17031265009203633
6687,0,2,0.3736085346973611,0.23260194941176626,0.39378951589087263
6688,1,2,0.18854345331256736,0.23614828416566813,0.5753082625217646
6689,1,2,0.30564710786738825,0.25645098158733737,0.43790191054527444
6690,2,2,0.21391388687818125,0.2493964846066515,0.5366896285151672
6691,0,2,0.22740288913685328,0.24494763239603604,0.5276494784671106
6692,1,2,0.2433017419624424,0.25660705918799004,0.5000911988495675
6693,2,2,0.1434843507521016,0.20357728601386785,0.6529383632340306
6694,2,2,0.28791900168321777,0.2671267380136258,0.44495426030315655
6695,2,2,0.09223701298799417,0.14909805360787903,0.7586649334041269
6696,1,2,0.27883138344227504,0.2608087886464538,0.46035982791127117
6697,2,2,0.24914002238862615,0.28285045555442495,0.468009522056949
6698,0,2,0.20464588580393958,0.1743265374271065,0.6210275767689538
6699,2,0,0.3849372423779415,0.26069168901351514,0.35437106860854334
6700,0,0,0.4550760769631497,0.24947904209859567,0.2954448809382546
6701,0,0,0.6104991670834325,0.20353647048066706,0.18596436243590034
6702,0,2,0.1771422728679087,0.23544014622812198,0.5874175809039692
6703,0,0,0.6173221589765026,0.19898032295910406,0.1836975180643935
6704,0,2,0.18138947750065912,0.23155450292735166,0.5870560195719893
6705,0,2,0.24337219909026744,0.24817734282430448,0.5084504580854281
6706,2,2,0.20258916039827798,0.1995947730777549,0.5978160665239671
6707,1,2,0.34908658052702296,0.28521181297280784,0.3657016065001692
6708,2,0,0.3632545861173529,0.284937989376556,0.3518074245060911
6709,2,2,0.1827788945849784,0.20713263634474463,0.610088469070277
6710,2,0,0.5594235575942179,0.23539017147693914,0.20518627092884298
6711,2,2,0.09165845638414621,0.14824895618900902,0.7600925874268448
6712,1,2,0.18795564631651543,0.23562985573012424,0.5764144979533603
6713,2,2,0.1300786158758311,0.19698801641607008,0.6729333677080988
