,Outcome,Prediction,ProbA,ProbD,ProbH
5814,0,2,0.2659968013328846,0.2563917412435418,0.4776114574235737
5815,1,2,0.07433459365861284,0.15082511852399932,0.7748402878173879
5816,1,2,0.16729363921744175,0.251355481296678,0.5813508794858803
5817,2,2,0.0964478686297602,0.16011587103209216,0.7434362603381476
5818,0,2,0.22086801304629405,0.24601316226014977,0.5331188246935562
5819,2,2,0.07192294417806341,0.15435775911159855,0.773719296710338
5820,0,2,0.11496534995891095,0.21441118255396763,0.6706234674871215
5821,2,0,0.5531757947394518,0.2102482229260702,0.23657598233447794
5822,2,2,0.16147646037212385,0.23397208050080914,0.604551459127067
5823,0,2,0.23741478030207439,0.2501526244215935,0.5124325952763321
5824,2,2,0.3026539851172506,0.259141447882359,0.4382045670003905
5825,2,2,0.2101426418935383,0.27068343598982225,0.5191739221166394
5826,0,0,0.719744125069101,0.1744321146766838,0.10582376025421518
5827,0,0,0.6390807583010393,0.21742839558226737,0.14349084611669344
5828,0,0,0.6131812569590385,0.20127942006642824,0.18553932297453332
5829,2,2,0.11050765519840706,0.19426044577431104,0.6952318990272819
5830,1,2,0.2816217952606388,0.2588579668313479,0.4595202379080133
5831,2,2,0.17747065491050448,0.23771601937081982,0.5848133257186757
5832,2,2,0.11496534995891095,0.21441118255396763,0.6706234674871215
5833,2,2,0.03952969679084487,0.11311377141797105,0.8473565317911841
5834,0,2,0.3684000681240031,0.22421285491519283,0.407387076960804
5835,0,2,0.30930151168164083,0.25680780713266177,0.4338906811856974
5836,0,0,0.6045086756445922,0.23991025461346244,0.1555810697419454
5837,1,2,0.13425517264571438,0.19540081302464318,0.6703440143296425
5838,0,0,0.3722636191487948,0.2671174647226719,0.36061891612853325
5839,1,2,0.11370811205055589,0.20503930348058536,0.6812525844688588
5840,2,2,0.30488459643567906,0.2570688097755113,0.43804659378880967
5841,1,2,0.2993435336023474,0.2743208601941827,0.4263356062034699
5842,0,2,0.3227579348776051,0.25933102904772104,0.4179110360746739
5843,1,0,0.4768551117428709,0.21478585386032253,0.30835903439680656
5844,2,2,0.04792305457054504,0.11796597862747898,0.834110966801976
5845,1,0,0.3803451459636649,0.2549924489066032,0.36466240512973186
5846,2,2,0.08905884553655702,0.1757073247954148,0.7352338296680282
5847,0,2,0.30605186407713414,0.25787243958981687,0.43607569633304905
5848,2,0,0.4825963138364327,0.259278229579424,0.25812545658414326
5849,0,0,0.4920964133290855,0.26677512807485926,0.2411284585960553
5850,2,2,0.06271457184791256,0.13842145671882547,0.7988639714332618
5851,0,0,0.5797094453280515,0.25091207970781493,0.16937847496413364
5852,0,2,0.3209309133882341,0.22440001118946934,0.45466907542229656
5853,1,2,0.2868559666053699,0.25585791709692357,0.4572861162977065
5854,1,2,0.197260154104172,0.2206368081255196,0.5821030377703084
5855,0,2,0.2163959992828412,0.24873214291337162,0.5348718578037872
5856,0,2,0.2101426418935383,0.27068343598982225,0.5191739221166394
5857,0,2,0.0894813946428529,0.1898549162760107,0.7206636890811364
5858,0,2,0.30104649321240134,0.25966649559411603,0.43928701119348257
5859,2,2,0.1523986725464621,0.24205054318598523,0.6055507842675526
5860,1,2,0.3044342028139937,0.25840160283092956,0.4371641943550768
5861,1,2,0.3532722478393431,0.22459251415892734,0.42213523800172953
5862,1,2,0.23132841257528053,0.25338173967037564,0.5152898477543438
5863,2,2,0.2697623038339188,0.252842133818128,0.4773955623479532
5864,0,0,0.4191134627130735,0.22185272202877523,0.3590338152581512
5865,2,2,0.17343455223486012,0.21585883072677053,0.6107066170383694
5866,0,0,0.5224705740596659,0.24905889376478849,0.22847053217554553
5867,2,2,0.23841576403563927,0.22567144270230516,0.5359127932620555
5868,2,2,0.19140198996807326,0.24016071176361867,0.5684372982683081
5869,0,0,0.6738902489736098,0.1881367882962083,0.13797296273018184
5870,1,2,0.2643580070006865,0.2570447931530885,0.47859719984622506
5871,0,0,0.6768346544582587,0.20580932229651708,0.11735602324522426
5872,1,2,0.10542742123934627,0.18255533351341582,0.7120172452472379
5873,2,2,0.16002758916397689,0.21292784514886778,0.6270445656871554
5874,2,2,0.3532722478393431,0.22459251415892734,0.42213523800172953
5875,1,0,0.38309078817884756,0.25705946834146787,0.3598497434796845
5876,2,2,0.1523986725464621,0.24205054318598523,0.6055507842675526
5877,2,2,0.12283045698365679,0.21307784199238958,0.6640917010239537
5878,2,2,0.17519848402369015,0.23821671475956974,0.5865848012167402
5879,0,0,0.4362928247570974,0.22044927188973348,0.3432579033531691
5880,2,2,0.040108868337239215,0.1072571012937924,0.8526340303689685
5881,2,2,0.2176963457121291,0.24839449299509692,0.533909161292774
5882,2,2,0.20504298101739893,0.21797703101175095,0.5769799879708501
5883,1,2,0.2993435336023474,0.2743208601941827,0.4263356062034699
5884,2,2,0.18740513713676235,0.24265775191861516,0.5699371109446225
5885,1,0,0.4677796264846275,0.25158704898754675,0.28063332452782563
5886,2,2,0.3417002653070231,0.25953850727908556,0.3987612274138914
5887,0,0,0.5261823012094015,0.2596947971958162,0.21412290159478234
5888,2,2,0.032260054365464745,0.0994737850006289,0.8682661606339064
5889,2,0,0.3733878629670701,0.2690551796128764,0.35755695742005356
5890,2,2,0.12784995570029006,0.20159903360141282,0.670551010698297
5891,2,2,0.2993435336023474,0.2743208601941827,0.4263356062034699
5892,2,2,0.21900231494322286,0.24805481964369228,0.5329428654130849
5893,1,2,0.2736727220570905,0.2539235406536654,0.47240373728924406
5894,2,0,0.39801665663610764,0.2533197794220115,0.34866356394188086
5895,1,2,0.3209309133882341,0.22440001118946934,0.45466907542229656
5896,1,2,0.15052832830988172,0.2290352158094527,0.6204364558806655
5897,2,2,0.3851252733034253,0.22373826919672085,0.39113645749985393
5898,0,0,0.6469821085093533,0.22000894386239114,0.13300894762825544
5899,1,2,0.23315164442823702,0.2514827716813167,0.5153655838904463
5900,2,2,0.15515649749439137,0.19678373325448695,0.6480597692511217
5901,0,2,0.11447243099244349,0.186899365469652,0.6986282035379046
5902,2,2,0.10371890912037345,0.20448165552194209,0.6917994353576845
5903,0,0,0.4018559786249675,0.255085201789292,0.3430588195857404
5904,0,2,0.23589733421506118,0.25073159789770677,0.513371067887232
5905,2,2,0.05789749310558953,0.13276864943799518,0.8093338574564152
5906,2,2,0.05409241377477161,0.1398218123252122,0.8060857739000161
5907,2,2,0.3279538978427917,0.25740555082785865,0.41464055132934957
5908,2,2,0.08779651259805235,0.15596088274793862,0.7562426046540089
5909,2,0,0.4191134627130735,0.22185272202877523,0.3590338152581512
5910,1,2,0.12547228664105844,0.2226919826313717,0.6518357307275698
5911,2,2,0.20234513097685133,0.24309648757223773,0.554558381450911
5912,0,2,0.18893088740178798,0.24090125473424806,0.570167857863964
5913,2,2,0.33568589619118117,0.2242224047056131,0.44009169910320584
5914,0,0,0.719744125069101,0.1744321146766838,0.10582376025421518
5915,2,2,0.2666896096007605,0.25844848971057466,0.4748619006886649
5916,2,2,0.21846001599605974,0.27168081429837554,0.5098591697055648
5917,0,0,0.43486411541224873,0.2716276971152176,0.29350818747253354
5918,0,0,0.5755550207015778,0.24227738795757892,0.18216759134084326
5919,2,2,0.32460255583964076,0.2585477520103107,0.4168496921500485
5920,0,0,0.4116327488224363,0.2621411856785936,0.3262260654989701
5921,2,0,0.4020434945049917,0.22295064935444367,0.37500585614056464
5922,0,0,0.6306014866280036,0.22185451762576056,0.1475439957462358
5923,2,2,0.07395827709489182,0.147379400894593,0.7786623220105152
5924,0,2,0.28316859108832704,0.25837381216053285,0.4584575967511401
5925,0,2,0.3851252733034253,0.22373826919672085,0.39113645749985393
5926,2,2,0.10293852899424348,0.18805154433373483,0.7090099266720217
5927,2,2,0.0894813946428529,0.1898549162760107,0.7206636890811364
5928,1,0,0.5728076175304951,0.23302634841994235,0.1941660340495625
5929,0,0,0.38128259361538397,0.2570830665663114,0.36163433981830456
5930,1,2,0.3616066699554151,0.2585718587555346,0.37982147128905025
5931,0,2,0.0774355814597972,0.159877937528713,0.7626864810114898
5932,0,0,0.4191134627130735,0.22185272202877523,0.3590338152581512
5933,2,2,0.12547228664105844,0.2226919826313717,0.6518357307275698
5934,1,2,0.10371890912037345,0.20448165552194209,0.6917994353576845
5935,2,2,0.09569764467284916,0.16646760985386833,0.7378347454732824
5936,2,0,0.4370535590858437,0.25994045211481787,0.3030059887993384
5937,2,2,0.22163111373086733,0.24736939846884637,0.5309994878002863
5938,2,2,0.17673952588167868,0.23632089773673062,0.5869395763815907
5939,2,2,0.08243743695437959,0.1689398114027733,0.7486227516428472
5940,0,0,0.6131812569590385,0.20127942006642824,0.18553932297453332
5941,2,2,0.057088711016753425,0.12935676813259314,0.8135545208506534
5942,1,2,0.11496534995891095,0.21441118255396763,0.6706234674871215
5943,0,2,0.3423983190421647,0.25799030726097394,0.3996113736968614
5944,0,0,0.5416420506146157,0.25422767184302314,0.20413027754236115
5945,0,0,0.5531757947394518,0.2102482229260702,0.23657598233447794
5946,2,0,0.4061267125260557,0.2549055289858375,0.3389677584881069
5947,2,2,0.16599637157076508,0.2349046440975144,0.5990989843317205
5948,1,2,0.3053328101536771,0.25574050709876256,0.4389266827475604
5949,0,2,0.3615833834755111,0.25790278122058224,0.38051383530390664
5950,2,2,0.09000759865208081,0.17211526697263702,0.7378771343752821
5951,0,0,0.6172740242351256,0.2336596016468361,0.14906637411803828
5952,2,2,0.12850703025767962,0.2152573946689498,0.6562355750733705
5953,1,2,0.1754200506287454,0.2369372059150988,0.5876427434561557
5954,2,2,0.03952969679084487,0.11311377141797105,0.8473565317911841
5955,0,2,0.06840438421973155,0.16308057241382598,0.7685150433664425
5956,0,2,0.18313516727744142,0.260294346384514,0.5565704863380446
5957,0,2,0.29994283582803194,0.2595506403027178,0.4405065238692503
5958,2,2,0.361568029298012,0.2560934863614746,0.3823384843405134
5959,0,2,0.2689898859256571,0.25549349564976104,0.47551661842458187
5960,1,2,0.3684000681240031,0.22421285491519283,0.407387076960804
5961,2,2,0.36651262580777905,0.2570703053135547,0.37641706887866616
5962,2,2,0.17846188311547156,0.205173292048777,0.6163648248357514
5963,1,2,0.36151052798398126,0.2697712604138243,0.3687182116021945
5964,0,2,0.3532722478393431,0.22459251415892734,0.42213523800172953
5965,1,0,0.46169647965543886,0.2169171941409708,0.32138632620359037
5966,0,0,0.4511621036695268,0.26765789328560313,0.28118000304487
5967,2,2,0.17409366604862636,0.23846064690722363,0.58744568704415
5968,2,2,0.1460181921222701,0.19879200154587837,0.6551898063318514
5969,0,2,0.1398518816955459,0.22136920176280847,0.6387789165416456
5970,2,2,0.28800011012070686,0.2566986723840278,0.4553012174952653
5971,2,0,0.39176215194923597,0.2648614384539246,0.3433764095968394
5972,1,2,0.0880581968153536,0.16202269224631147,0.7499191109383349
5973,1,0,0.719744125069101,0.1744321146766838,0.10582376025421518
5974,2,2,0.2993435336023474,0.2743208601941827,0.4263356062034699
5975,2,2,0.23622460224325978,0.24941542303937592,0.5143599747173643
5976,1,0,0.3860990711732896,0.25635248139837197,0.3575484474283385
5977,2,2,0.16729363921744175,0.251355481296678,0.5813508794858803
5978,0,2,0.26749069036748846,0.2559436913253183,0.4765656183071932
5979,2,2,0.05228085276706299,0.12358376498123948,0.8241353822516975
5980,0,2,0.21846001599605974,0.27168081429837554,0.5098591697055648
5981,2,2,0.3672918686879621,0.2590660399827469,0.37364209132929094
5982,2,0,0.46169647965543886,0.2169171941409708,0.32138632620359037
5983,0,0,0.446096928057069,0.2679332856834087,0.2859697862595224
5984,0,2,0.13264474992115635,0.22101852648235448,0.6463367235964893
5985,2,2,0.33568589619118117,0.2242224047056131,0.44009169910320584
5986,2,2,0.04933273378338566,0.12214584944041133,0.8285214167762031
5987,2,2,0.05409241377477161,0.1398218123252122,0.8060857739000161
5988,1,2,0.2160995668992857,0.250048605588488,0.5338518275122264
5989,0,2,0.2693770734076701,0.2541655419813175,0.47645738461101234
5990,2,2,0.20264364817342137,0.24622533941522512,0.5511310124113534
5991,2,0,0.4316942694902934,0.2589588199363003,0.30934691057340624
5992,2,2,0.032260054365464745,0.0994737850006289,0.8682661606339064
5993,2,2,0.31995833061705226,0.25981493058190247,0.4202267388010454
5994,0,0,0.5616492947211366,0.23755468717361583,0.2007960181052476
5995,2,2,0.06840438421973155,0.16308057241382598,0.7685150433664425
5996,1,2,0.23178715531518915,0.25185523407273397,0.5163576106120769
5997,2,0,0.55697918710132,0.24861815968235682,0.1944026532163233
5998,2,2,0.2874320093506569,0.2543228505519174,0.4582451400974258
5999,2,0,0.44960189811287793,0.2187356534813808,0.33166244840574144
6000,2,2,0.3851252733034253,0.22373826919672085,0.39113645749985393
6001,2,2,0.36279411481914503,0.2585852752633951,0.37862060991746
6002,1,0,0.5194829080165991,0.2598715526826912,0.22064553930070982
6003,2,2,0.21739850866818272,0.24970960120376462,0.5328918901280527
6004,2,2,0.0663898640354045,0.14799856556774726,0.7856115703968483
6005,1,0,0.5915837928869616,0.24615189547174424,0.16226431164129426
6006,2,2,0.1523986725464621,0.24205054318598523,0.6055507842675526
6007,2,2,0.14963864720855227,0.22904604328818215,0.6213153095032656
6008,2,2,0.053614835214107065,0.1278008634733414,0.8185843013125514
6009,2,2,0.16729363921744175,0.251355481296678,0.5813508794858803
6010,0,0,0.4768551117428709,0.21478585386032253,0.30835903439680656
6011,2,0,0.4518796007828529,0.2553325858516243,0.29278781336552273
6012,0,2,0.34291088344716,0.2566641302359788,0.40042498631686124
6013,0,0,0.4362928247570974,0.22044927188973348,0.3432579033531691
6014,1,2,0.2911405239063127,0.2557112927985423,0.4531481832951449
6015,1,2,0.15490661779757212,0.23163503033294927,0.6134583518694787
6016,0,2,0.138459083646712,0.23246751665894314,0.6290733996943448
6017,0,0,0.5149272584181414,0.26431209691726415,0.22076064466459444
6018,0,0,0.46169647965543886,0.2169171941409708,0.32138632620359037
6019,1,2,0.13336690814786453,0.18292659102848008,0.6837065008236554
6020,2,0,0.5380319949809133,0.24412473943500687,0.21784326558407982
6021,1,0,0.44960189811287793,0.2187356534813808,0.33166244840574144
6022,0,0,0.6306964444999863,0.227217372856929,0.14208618264308473
6023,0,2,0.3405366142022012,0.25949056245380153,0.3999728233439973
6024,2,2,0.13850941352634474,0.22320146232864,0.6382891241450153
6025,2,2,0.05409241377477161,0.1398218123252122,0.8060857739000161
6026,2,2,0.06840438421973155,0.16308057241382598,0.7685150433664425
6027,2,2,0.20689561391660288,0.24360930252773846,0.5494950835556587
6028,2,2,0.17441694688966136,0.23699419394865376,0.5885888591616849
6029,1,2,0.1433536239740381,0.22675872800550492,0.6298876480204569
6030,0,2,0.232825552632833,0.2528065105274485,0.5143679368397185
6031,2,2,0.0437426643268624,0.11253397785832064,0.8437233578148169
6032,2,2,0.3238965555787567,0.256455081018589,0.41964836340265443
6033,2,2,0.1976590108200795,0.2673535197594664,0.5349874694204542
6034,2,2,0.03952969679084487,0.11311377141797105,0.8473565317911841
6035,1,0,0.4020434945049917,0.22295064935444367,0.37500585614056464
6036,1,2,0.3444594630416287,0.2705953803135799,0.3849451566447914
6037,1,0,0.46255441566066013,0.2638249107779542,0.27362067356138553
6038,2,2,0.08085252501711995,0.15725209901334294,0.7618953759695372
6039,2,2,0.2993435336023474,0.2743208601941827,0.4263356062034699
6040,0,2,0.09563378335520001,0.1815144097818719,0.7228518068629282
6041,0,2,0.12547228664105844,0.2226919826313717,0.6518357307275698
6042,2,2,0.32109392308222495,0.2598971407659579,0.41900893615181717
6043,0,0,0.42696394920023006,0.25228837824153444,0.32074767255823544
6044,2,2,0.32618179686934606,0.2517741848775287,0.4220440182531252
6045,0,2,0.28643747668950925,0.25718916473073444,0.45637335857975625
6046,2,2,0.343415905108583,0.25893158623618795,0.397652508655229
6047,0,0,0.682397020603834,0.20230383854967945,0.11529914084648664
6048,2,2,0.08359540856169573,0.1661229267233086,0.7502816647149956
6049,1,2,0.26545975737618016,0.25793544809963626,0.47660479452418353
6050,0,0,0.4020434945049917,0.22295064935444367,0.37500585614056464
6051,2,2,0.201679038907473,0.24522487175926197,0.5530960893332649
6052,2,2,0.1976590108200795,0.2673535197594664,0.5349874694204542
6053,2,2,0.3335133802434194,0.24672792246886585,0.4197586972877148
6054,1,2,0.24033233849727273,0.2491890411484257,0.5104786203543016
6055,2,2,0.30477872603594425,0.2620108113468031,0.43321046261725266
6056,2,2,0.138459083646712,0.23246751665894314,0.6290733996943448
6057,2,2,0.18313516727744142,0.260294346384514,0.5565704863380446
6058,0,2,0.2042749495602059,0.24442086721462325,0.5513041832251709
6059,1,0,0.41470560907086984,0.2730667142477195,0.31222767668141066
6060,0,2,0.20540255716276887,0.24430593583784832,0.5502915069993828
6061,0,0,0.6738902489736098,0.1881367882962083,0.13797296273018184
6062,1,0,0.44960189811287793,0.2187356534813808,0.33166244840574144
6063,0,0,0.4407331102926948,0.24911102748414124,0.3101558622231639
6064,2,2,0.13733829386613894,0.2049832626821192,0.6576784434517419
6065,2,2,0.0678953558778156,0.14135764740010814,0.7907469967220762
6066,2,2,0.28337173250062236,0.2591167345541534,0.4575115329452241
6067,1,0,0.6131812569590385,0.20127942006642824,0.18553932297453332
6068,2,2,0.2704943723700121,0.255041158014571,0.474464469615417
6069,2,2,0.1899961566682889,0.2408163212637102,0.5691875220680008
6070,0,0,0.6088671991125816,0.22979531441591297,0.16133748647150553
6071,2,0,0.4362928247570974,0.22044927188973348,0.3432579033531691
6072,1,0,0.5583265083114933,0.2552251226371208,0.1864483690513857
6073,0,0,0.5039125978159885,0.24299355161332142,0.25309385057069
6074,2,2,0.138459083646712,0.23246751665894314,0.6290733996943448
6075,1,2,0.2101426418935383,0.27068343598982225,0.5191739221166394
6076,2,2,0.06827328238312992,0.14451513279863185,0.7872115848182383
6077,0,2,0.12393242423074181,0.19129970699362076,0.6847678687756373
6078,2,2,0.11890259701046854,0.19807985750131302,0.6830175454882185
6079,1,2,0.3209309133882341,0.22440001118946934,0.45466907542229656
6080,1,2,0.18764935454774323,0.24136366778542886,0.5709869776668278
6081,2,2,0.032260054365464745,0.0994737850006289,0.8682661606339064
6082,1,2,0.21633101233801325,0.24547205243442316,0.5381969352275635
6083,2,2,0.3234162025510491,0.25778319860347065,0.41880059884548027
6084,2,2,0.2848799202161768,0.2576775175127988,0.45744256227102437
6085,2,0,0.4768551117428709,0.21478585386032253,0.30835903439680656
6086,2,2,0.29241685527633254,0.25051589859595186,0.45706724612771565
6087,0,0,0.5942848767134435,0.23564042537940624,0.17007469790715016
6088,2,2,0.2014094449116939,0.2465309458381928,0.5520596092501133
6089,2,2,0.21846001599605974,0.27168081429837554,0.5098591697055648
6090,1,2,0.22044156324327713,0.24751625306314318,0.5320421836935797
6091,2,2,0.33568589619118117,0.2242224047056131,0.44009169910320584
6092,2,2,0.08054267651656424,0.15173944722179242,0.7677178762616433
6093,2,2,0.10408516347171647,0.17071956786342374,0.7251952686648598
6094,2,2,0.09699309941025759,0.17812127708443215,0.7248856235053104
6095,2,2,0.2993435336023474,0.2743208601941827,0.4263356062034699
6096,1,2,0.1502432212332757,0.2260158278473364,0.6237409509193879
6097,0,0,0.49234953932074854,0.24683981367894794,0.2608106470003034
6098,2,2,0.0894813946428529,0.1898549162760107,0.7206636890811364
6099,2,2,0.18857447228725524,0.2423838722041913,0.5690416555085535
6100,0,0,0.6598663905108889,0.213843868887445,0.12628974060166612
6101,2,2,0.2029145842133137,0.24492051022800448,0.5521649055586818
6102,2,2,0.11369500496033572,0.17443453002655368,0.7118704650131106
6103,2,0,0.3948408668100655,0.2569884531730072,0.34817068001692725
6104,0,2,0.1482095232815708,0.20914511616572062,0.6426453605527085
6105,2,2,0.18313516727744142,0.260294346384514,0.5565704863380446
6106,2,2,0.16167455404719,0.23270656269945164,0.6056188832533584
6107,0,2,0.23452170609504888,0.2511082261885567,0.5143700677163945
6108,2,2,0.10371890912037345,0.20448165552194209,0.6917994353576845
6109,0,2,0.1976590108200795,0.2673535197594664,0.5349874694204542
6110,0,2,0.16300350504777184,0.23171737672461312,0.6052791182276149
6111,2,2,0.16261384161851475,0.23357351770349558,0.6038126406779897
6112,2,0,0.5025897553525415,0.2543459153249001,0.2430643293225586
6113,2,2,0.3684000681240031,0.22421285491519283,0.407387076960804
6114,0,0,0.5531757947394518,0.2102482229260702,0.23657598233447794
6115,0,0,0.6738902489736098,0.1881367882962083,0.13797296273018184
6116,1,2,0.34704387022474403,0.2574947745277839,0.39546135524747206
6117,2,2,0.062285912737530584,0.13528477148053744,0.8024293157819321
6118,2,2,0.1895168342321468,0.2402805292785064,0.5702026364893469
6119,0,0,0.4172423000569844,0.2513605489396799,0.3313971510033357
6120,0,2,0.29966901620956715,0.25606707722642785,0.444263906564005
6121,0,2,0.3355622432951658,0.2567696692323906,0.40766808747244365
6122,1,0,0.5426478902221729,0.2554724525417302,0.20187965723609685
6123,1,0,0.6819249741621694,0.18652259042847344,0.13155243540935713
6124,2,2,0.1767926776296383,0.2558197113533092,0.5673876110170526
6125,0,2,0.18659417377583365,0.24144482244582968,0.5719610037783367
6126,1,2,0.06256708249467129,0.15521807713398136,0.7822148403713474
6127,0,2,0.3025378547932192,0.26005447717203695,0.43740766803474396
6128,2,2,0.0983284069976625,0.1906254678591874,0.7110461251431501
6129,2,2,0.3725500683629428,0.2247773995767995,0.40267253206025777
6130,0,2,0.136692552559735,0.2308755404863394,0.6324319069539256
6131,2,2,0.04083761069439755,0.10646950983620104,0.8526928794694014
6132,0,2,0.31612288280277157,0.25860065425248013,0.4252764629447483
6133,1,0,0.3993796923436986,0.25344069526281293,0.34717961239348843
6134,1,0,0.4871582414431009,0.2562708447901192,0.25657091376678
6135,0,0,0.5325734926161737,0.21087647553817848,0.25655003184564784
6136,2,2,0.13433917249332267,0.22207139306766546,0.6435894344390118
6137,2,2,0.07968291938949286,0.15296178504271574,0.7673552955677915
6138,2,2,0.1428338332613794,0.2251644577996481,0.6320017089389725
6139,0,2,0.12713252266199043,0.22429582269754977,0.6485716546404597
6140,0,0,0.6403439328624092,0.2218055861753748,0.13785048096221605
6141,2,2,0.2983415553631041,0.2554621246304658,0.44619632000643006
6142,0,2,0.3432761553292841,0.25623226666005594,0.4004915780106599
6143,1,2,0.2993435336023474,0.2743208601941827,0.4263356062034699
6144,1,2,0.15127088235948152,0.2205828277405529,0.6281462898999656
6145,1,2,0.16570349698153675,0.21310679013318792,0.6211897128852754
6146,0,0,0.5177512480647743,0.2625798123362842,0.21966893959894152
6147,2,2,0.1862406304116192,0.23857218333907512,0.5751871862493058
6148,1,2,0.26347410858651593,0.2566602947354912,0.47986559667799283
6149,1,2,0.1652835180467748,0.249822027251668,0.5848944547015572
6150,0,0,0.4348739013674075,0.22036953057573344,0.3447565680568591
6151,0,2,0.14533786017995218,0.22711595310209814,0.6275461867179497
6152,1,2,0.19339962252703502,0.26462102085786793,0.5419793566150971
6153,0,2,0.2634996890466213,0.2517916283502988,0.48470868260308
6154,1,2,0.1892857101377807,0.23942483990416305,0.5712894499580562
6155,0,2,0.28065031751862723,0.2577911182173279,0.46155856426404485
6156,2,2,0.19008417528145216,0.2415373672786862,0.5683784574398616
6157,2,0,0.4751990609470973,0.2147588822281692,0.31004205682473357
6158,0,0,0.7250196183711176,0.17303373894374088,0.10194664268514148
6159,2,2,0.30514826471369494,0.26364028348281116,0.4312114518034939
6160,0,0,0.4627926878850519,0.26116858688820055,0.27603872522674744
6161,0,0,0.6819249741621694,0.18652259042847344,0.13155243540935713
6162,2,2,0.05294374412259534,0.12250483380402229,0.8245514220733824
6163,2,2,0.07800626753979231,0.17705942280875123,0.7449343096514566
6164,2,2,0.29790532021796934,0.25679046035796116,0.4453042194240695
6165,2,2,0.09528728522303019,0.16090101351647845,0.7438117012604915
6166,2,2,0.12449345590683686,0.21428633333120353,0.6612202107619596
6167,2,2,0.19339962252703502,0.26462102085786793,0.5419793566150971
6168,2,2,0.13086855583579562,0.20184402853045882,0.6672874156337455
6169,2,2,0.20068420579380775,0.2451405062062854,0.5541752879999068
6170,0,2,0.21846001599605974,0.27168081429837554,0.5098591697055648
6171,0,0,0.45053543930914297,0.2187998148861089,0.33066474580474803
6172,2,2,0.2993435336023474,0.2743208601941827,0.4263356062034699
6173,2,2,0.18705517945474542,0.23977724768060593,0.5731675728646486
6174,2,2,0.21476856830882127,0.2461902337679672,0.5390411979232115
6175,2,2,0.12255954028766637,0.21003316406598904,0.6674072956463446
6176,1,2,0.3584539636818986,0.2587443884813378,0.3828016478367636
6177,1,0,0.5342707137477843,0.24237115294894532,0.2233581333032703
6178,0,2,0.36164383050095156,0.2667423729449353,0.37161379655411314
6179,1,2,0.31478879149407163,0.2403702137434466,0.4448409947624818
6180,2,2,0.07344579152481104,0.14698220502668113,0.7795720034485077
6181,2,2,0.037456298591367794,0.10183692069198777,0.8607067807166444
6182,0,2,0.2125132638295976,0.23222848887748138,0.555258247292921
6183,2,2,0.35444942602098184,0.25709733192314893,0.38845324205586923
6184,0,2,0.26282889633496537,0.2535221304178386,0.483648973247196
6185,2,2,0.06307479546574342,0.13410184279917153,0.8028233617350852
6186,1,2,0.21846001599605974,0.27168081429837554,0.5098591697055648
6187,0,0,0.4654940985014686,0.21712976790292357,0.31737613359560773
6188,2,2,0.16883189593744502,0.23619099324812384,0.594977110814431
6189,0,0,0.6079498290457985,0.22991432157792766,0.1621358493762738
6190,2,2,0.17552696822613506,0.22816479182527635,0.5963082399485886
6191,2,2,0.06256708249467129,0.15521807713398136,0.7822148403713474
6192,2,2,0.136692552559735,0.2308755404863394,0.6324319069539256
6193,2,2,0.14910615316802284,0.22745107678761417,0.623442770044363
6194,2,2,0.2993435336023474,0.2743208601941827,0.4263356062034699
6195,2,2,0.2509864780605232,0.25360276399938253,0.4954107579400942
6196,2,2,0.21837187375052833,0.24649554559607229,0.5351325806533994
6197,0,0,0.5998361767704191,0.24335471025850863,0.15680911297107225
6198,2,0,0.5621230010780722,0.23524002896515736,0.20263696995677044
6199,2,2,0.05689006008171123,0.12879562864851135,0.8143143112697774
6200,1,0,0.38799413487305595,0.2619976768348688,0.35000818829207536
6201,0,2,0.1306912287107575,0.21331769457152627,0.6559910767177163
6202,0,0,0.7250196183711176,0.17303373894374088,0.10194664268514148
6203,0,0,0.40485922160984045,0.2232155935099231,0.37192518488023646
6204,2,0,0.4658135185976271,0.26665086805443783,0.26753561334793513
6205,0,2,0.35466559294666467,0.25755070912251943,0.38778369793081585
6206,2,2,0.3364005931179518,0.2579390585140968,0.4056603483679514
6207,2,2,0.23060956359425425,0.24693206900570042,0.5224583674000453
6208,2,2,0.136692552559735,0.2308755404863394,0.6324319069539256
6209,1,2,0.14185214772795374,0.20574345607942054,0.6524043961926258
6210,2,2,0.3410691964711601,0.22519461112732791,0.4337361924015119
6211,2,2,0.14863649188412395,0.23891027094912942,0.6124532371667466
6212,2,2,0.3058353938166304,0.25510748339498074,0.4390571227883888
6213,0,2,0.20692109150088378,0.2476028390870256,0.5454760694120906
6214,2,2,0.16092337734767137,0.2323739098837267,0.606702712768602
6215,1,2,0.2839016293851257,0.25661953471325794,0.45947883590161637
6216,0,2,0.1302683510232777,0.1817091310859022,0.68802251789082
6217,0,0,0.4751990609470973,0.2147588822281692,0.31004205682473357
6218,2,2,0.1574026055019616,0.19434627827077916,0.6482511162272593
6219,0,0,0.6564248579825375,0.21462045605505578,0.12895468596240678
6220,2,0,0.45053543930914297,0.2187998148861089,0.33066474580474803
6221,1,0,0.6819249741621694,0.18652259042847344,0.13155243540935713
6222,2,2,0.07800626753979231,0.17705942280875123,0.7449343096514566
6223,2,0,0.3947460676081142,0.2544670234486687,0.350786908943217
6224,2,2,0.2310163465365453,0.2505039635242972,0.5184796899391575
6225,2,2,0.11509202521871162,0.20635429445087738,0.6785536803304111
6226,0,0,0.49867090446883977,0.2523138177205652,0.24901527781059496
6227,1,2,0.2040027819292784,0.245723738919815,0.5502734791509065
6228,0,2,0.19287839901384424,0.2434791586200896,0.5636424423660661
6229,2,2,0.16528351804677477,0.24982202725166808,0.5848944547015572
6230,2,0,0.3789944119783023,0.2548353835790382,0.3661702044426595
6231,2,2,0.173520748152222,0.23686373293907395,0.5896155189087041
6232,2,2,0.08921701756227764,0.15313715442410386,0.7576458280136186
6233,2,2,0.35600514384472215,0.2250229533738288,0.418971902781449
6234,2,0,0.5578694269152783,0.2483849388276613,0.19374563425706037
6235,2,2,0.06256708249467129,0.15521807713398136,0.7822148403713474
6236,2,2,0.1052518317593637,0.1962512547387506,0.6984969135018857
6237,0,2,0.2945398431357937,0.26247222090412536,0.4429879359600809
6238,2,2,0.07488209396916952,0.14495571863128123,0.7801621873995491
6239,2,2,0.21622690241633416,0.2447524080482718,0.539020689535394
6240,1,2,0.21895753054782313,0.2489734161708996,0.5320690532812773
6241,1,0,0.4470115872665471,0.26502678025015414,0.2879616324832986
6242,2,2,0.06185983189705912,0.13473060435554338,0.8034095637473975
6243,1,2,0.3410691964711601,0.22519461112732791,0.4337361924015119
6244,2,0,0.4654940985014686,0.21712976790292357,0.31737613359560773
6245,2,2,0.1767926776296383,0.2558197113533092,0.5673876110170526
6246,2,2,0.33952147231868157,0.258542615863312,0.4019359118180065
6247,2,2,0.14863649188412395,0.23891027094912942,0.6124532371667466
6248,2,2,0.36250760847380176,0.2561433602317167,0.38134903129448156
6249,2,2,0.2302948319586901,0.2524262593969205,0.5172789086443894
6250,0,0,0.7250196183711176,0.17303373894374088,0.10194664268514148
6251,0,2,0.0907613721554173,0.191424670382096,0.7178139574624867
6252,2,2,0.12130176443326618,0.2087162054766373,0.6699820300900964
6253,2,2,0.08832769671395226,0.174845099536916,0.7368272037491317
6254,1,0,0.6223165924027242,0.22401295535866475,0.15367045223861098
6255,0,2,0.057912015860419545,0.1282156686721366,0.8138723154674438
6256,1,2,0.12713252266199043,0.22429582269754977,0.6485716546404597
6257,2,2,0.04471068464894232,0.11381713624631923,0.8414721791047384
6258,2,2,0.2151816246659594,0.24469244484698285,0.5401259304870578
6259,0,0,0.4438202940298465,0.2531052040231704,0.30307450194698293
6260,1,0,0.3779380408630962,0.2704463929622597,0.3516155661746442
6261,0,2,0.3169529028270988,0.25981136469472954,0.4232357324781716
6262,0,2,0.386522073150301,0.22390044204017154,0.3895774848095275
6263,1,0,0.45053543930914297,0.2187998148861089,0.33066474580474803
6264,0,2,0.2666822745010191,0.2546479493639654,0.47866977613501555
6265,1,2,0.23432941905022006,0.25222939791695487,0.513441183032825
6266,2,2,0.21846001599605974,0.27168081429837554,0.5098591697055648
6267,0,2,0.23042740732749967,0.2480420470304668,0.5215305456420335
6268,0,0,0.4654940985014686,0.21712976790292357,0.31737613359560773
6269,2,2,0.20613971357794378,0.2694477374992197,0.5244125489228365
6270,2,0,0.3704054167633422,0.2600150000082381,0.3695795832284198
6271,2,0,0.4913989211961484,0.2611264662140671,0.24747461258978432
6272,0,2,0.2803957059708412,0.25891950198470604,0.46068479204445273
6273,2,2,0.2993435336023474,0.2743208601941827,0.4263356062034699
6274,1,2,0.32008875746816495,0.25890889747461665,0.4210023450572184
6275,2,2,0.05236784973210173,0.1234073741284595,0.8242247761394388
6276,2,0,0.5325734926161737,0.21087647553817848,0.25655003184564784
6277,1,2,0.1727565669737035,0.2347300534319351,0.5925133795943613
6278,2,2,0.06852053160067159,0.1401497767412617,0.7913296916580665
6279,2,2,0.1738407088224806,0.23540404512907737,0.5907552460484421
6280,0,0,0.3665344389113723,0.270528984279344,0.36293657680928365
6281,2,2,0.1543652071633462,0.23003668362518487,0.6155981092114688
6282,1,0,0.39556712538332195,0.25551924387415287,0.34891363074252524
6283,0,0,0.4227254527532577,0.2516849579398056,0.32558958930693666
6284,2,2,0.10294902414270225,0.18835139846038965,0.708699577396908
6285,1,0,0.42052846127284155,0.2219580703352925,0.3575134683918658
6286,0,2,0.14027205924005537,0.21635408201588713,0.6433738587440575
6287,1,0,0.58947098285422,0.23666369024065978,0.17386532690512033
6288,2,2,0.030447653558630106,0.09481256912878851,0.8747397773125813
6289,2,0,0.37424566470800846,0.256260776217099,0.3694935590748925
6290,2,2,0.12713252266199043,0.22429582269754977,0.6485716546404597
6291,2,2,0.19324508981245433,0.2430098230620364,0.5637450871255092
6292,0,0,0.4122016595422168,0.25946376245658853,0.3283345780011947
6293,0,0,0.415365982060973,0.27219320214824816,0.31244081579077876
6294,0,2,0.3725500683629428,0.2247773995767995,0.40267253206025777
6295,1,2,0.3209309133882341,0.22440001118946934,0.45466907542229656
6296,1,2,0.1324337445466332,0.2178808605315438,0.649685394921823
6297,2,0,0.6056426002832256,0.23921033790759183,0.15514706180918247
6298,1,2,0.20010454207917014,0.24264878112370689,0.557246676797123
6299,1,2,0.03578530537223094,0.10525862990720716,0.8589560647205619
6300,2,2,0.07800626753979231,0.17705942280875123,0.7449343096514566
6301,1,2,0.2849397255840505,0.25838360543239736,0.4566766689835521
6302,2,2,0.08189279048739291,0.1684236415033855,0.7496835680092215
6303,2,2,0.2993435336023474,0.2743208601941827,0.4263356062034699
6304,2,2,0.31789918181520066,0.2571444219525193,0.42495639623228004
6305,2,2,0.2973020482260732,0.25833499929400083,0.4443629524799259
6306,2,2,0.3240717701776478,0.2562414100150706,0.4196868198072815
6307,1,0,0.3738752305882663,0.25736118354744614,0.3687635858642875
6308,2,2,0.23007256287584263,0.22032361040035353,0.5496038267238038
6309,2,2,0.13824650364781207,0.2200799259454495,0.6416735704067383
6310,2,2,0.29895311924631063,0.2585198170627473,0.44252706369094197
6311,1,2,0.23387937446160054,0.24956474235796255,0.516555883180437
6312,2,2,0.06755127867606515,0.140774807154391,0.7916739141695438
6313,1,2,0.35600514384472215,0.2250229533738288,0.418971902781449
6314,2,2,0.20613971357794378,0.2694477374992197,0.5244125489228365
6315,2,0,0.4348739013674075,0.22036953057573344,0.3447565680568591
6316,2,2,0.33488165213847376,0.2583132638087656,0.4068050840527606
6317,2,0,0.5325734926161737,0.21087647553817848,0.25655003184564784
6318,0,0,0.5400554665020157,0.2572074983699169,0.20273703512806746
6319,1,2,0.2703687711195457,0.2520213042979579,0.47760992458249635
6320,2,2,0.16638696174911446,0.23503883673123915,0.5985742015196464
6321,2,2,0.030447653558630106,0.09481256912878851,0.8747397773125813
6322,0,0,0.42052846127284155,0.2219580703352925,0.3575134683918658
6323,1,2,0.33455885829237264,0.25942921330398266,0.40601192840364464
6324,0,0,0.5186405068976087,0.24718523281827534,0.2341742602841161
6325,0,2,0.2993435336023474,0.2743208601941827,0.4263356062034699
6326,2,2,0.31688856481852873,0.2561541549492847,0.4269572802321865
6327,2,2,0.07625778056052693,0.1630649735797562,0.7606772458597169
6328,1,2,0.3014940611021806,0.2583290516284574,0.44017688726936205
6329,0,2,0.20106821313123488,0.2436467273136295,0.5552850595551356
6330,2,2,0.0907613721554173,0.191424670382096,0.7178139574624867
6331,2,2,0.11309537367003045,0.20296763669707668,0.683936989632893
6332,0,0,0.4774100253063739,0.2649622595751661,0.25762771511845994
6333,2,0,0.5804841696714387,0.2497261571127445,0.16978967321581678
6334,2,2,0.2624532596969041,0.25484879930534504,0.4826979409977508
6335,1,2,0.26710306563559666,0.2572779025841114,0.475619031780292
6336,1,2,0.20024997089618224,0.24154755013438667,0.5582024789694311
6337,2,0,0.3760475929243086,0.2562557244350401,0.3676966826406513
6338,0,2,0.386522073150301,0.22390044204017154,0.3895774848095275
6339,2,0,0.4751990609470973,0.2147588822281692,0.31004205682473357
6340,1,2,0.1775402753726603,0.20511359462075,0.6173461300065898
6341,2,2,0.3410691964711601,0.22519461112732791,0.4337361924015119
6342,0,2,0.11433449471018332,0.17044405875346022,0.7152214465363564
6343,1,2,0.28775128925242144,0.25390648970922913,0.4583422210383493
6344,2,2,0.1626372449249034,0.22480981423432048,0.6125529408407762
6345,2,2,0.2808019746635241,0.25365315472928823,0.46554487060718774
6346,2,2,0.09811842385508965,0.19811436607666588,0.7037672100682445
6347,0,0,0.6309705873477941,0.2267207960135769,0.142308616638629
6348,2,2,0.0907613721554173,0.191424670382096,0.7178139574624867
6349,2,2,0.11197775580872094,0.19271300254420262,0.6953092416470764
6350,2,2,0.1134253788284568,0.2128055515035614,0.6737690696679818
6351,0,0,0.5468380278624101,0.25320626559535636,0.19995570654223357
6352,2,2,0.36509360541463404,0.26234201490611603,0.37256437967924994
6353,0,0,0.5393044996940077,0.23346131078744067,0.22723418951855145
6354,2,2,0.2371204262172798,0.2492565301570518,0.5136230436256684
6355,0,2,0.25101845234523273,0.25515233970298107,0.49382920795178625
6356,2,2,0.14457754398077197,0.22371680674331784,0.6317056492759102
6357,0,0,0.6178489358700282,0.23284710289455973,0.14930396123541195
6358,0,0,0.39847856489663636,0.265702310386386,0.3358191247169777
6359,0,0,0.44308039731696136,0.22776805810926445,0.32915154457377427
6360,1,0,0.3806714463048844,0.2569663015582035,0.36236225213691214
6361,1,2,0.08564113855650034,0.18112199452668606,0.7332368669168136
6362,2,2,0.1896803996267345,0.24596161932732583,0.5643579810459397
6363,2,2,0.14270828250940495,0.22925962837260208,0.628032089117993
6364,0,2,0.3476777265980794,0.2462593492655279,0.40606292413639267
6365,0,0,0.38233986423115424,0.23760608029685115,0.38005405547199467
6366,1,2,0.11333251866991338,0.21111510188341054,0.675552379446676
6367,2,2,0.214576764158276,0.25355008372000726,0.5318731521217167
6368,2,2,0.06322526698572684,0.15712505133710056,0.7796496816771725
6369,2,2,0.34964801789350214,0.25391161758502984,0.396440364521468
6370,2,2,0.3244929776610746,0.2505373684113506,0.42496965392757474
6371,1,0,0.605095479659717,0.21855031089154495,0.17635420944873803
6372,2,2,0.22368795984593753,0.25204308268189907,0.5242689574721633
6373,2,2,0.16003211678356616,0.22208780549793677,0.6178800777184972
6374,2,2,0.08896721866817409,0.18691703292732484,0.7241157484045011
6375,2,2,0.11947626700735275,0.20679517329252378,0.6737285597001236
6376,1,0,0.39923630668775323,0.25879470481269246,0.34196898849955437
6377,1,0,0.3830358381699905,0.26832819236375605,0.34863596946625347
6378,1,2,0.21500225926089064,0.25202253136668173,0.5329752093724276
6379,2,2,0.23358108390534316,0.25692711681687186,0.509491799277785
6380,0,2,0.21377156870886765,0.25156590332860373,0.5346625279625287
6381,1,2,0.29982308228141996,0.25448449650975813,0.4456924212088219
6382,2,0,0.5892836993727781,0.244998313118773,0.1657179875084489
6383,1,0,0.5632354606952517,0.2456193250988677,0.19114521420588068
6384,0,0,0.3831700944323382,0.27874286791205183,0.33808703765561
6385,2,2,0.10449559781234166,0.19999146074168106,0.6955129414459773
6386,0,2,0.1351291305370306,0.21710930784605859,0.6477615616169108
6387,1,2,0.09931801877479074,0.1945875987613496,0.7060943824638597
6388,0,2,0.13769404873198648,0.22644385324796312,0.6358620980200504
6389,1,2,0.14201403444818442,0.22863577028858148,0.6293501952632341
6390,2,2,0.11702040320872048,0.2054543006781007,0.6775252961131788
6391,0,0,0.43563914328138037,0.2333953559924127,0.33096550072620695
6392,1,2,0.30676534915730486,0.2624992867973011,0.4307353640453939
6393,0,0,0.48112588052549154,0.23942106381254558,0.2794530556619629
6394,1,2,0.20496148253600321,0.2452685765995531,0.5497699408644438
6395,1,2,0.2909487980737005,0.234830729951566,0.4742204719747335
6396,0,0,0.6471210896680926,0.21783476772331747,0.13504414260859005
6397,2,2,0.1608422743385575,0.2354437130537495,0.603714012607693
6398,1,0,0.4366596135219513,0.24318305166588972,0.320157334812159
6399,2,2,0.23965234029120125,0.2545652102365483,0.5057824494722505
6400,0,2,0.3663841448747533,0.24563681708035262,0.3879790380448941
6401,1,2,0.3223834781173509,0.26222381619387325,0.4153927056887759
6402,2,2,0.3405164076509287,0.27158522061296575,0.3878983717361055
6403,1,0,0.5545812176667242,0.21532761174253745,0.23009117059073833
6404,1,0,0.6154689754306021,0.21030266233954273,0.17422836222985524
6405,2,2,0.2502987238990033,0.2505140604966017,0.49918721560439494
6406,2,2,0.07239106245175525,0.16633919366386068,0.7612697438843841
6407,2,2,0.20740275166772476,0.2490345577963881,0.5435626905358871
