,Outcome,Prediction,ProbA,ProbD,ProbH
6120,0,2,0.18356256291535653,0.3127574071595165,0.5036800299251271
6121,0,2,0.16657529768001594,0.18750483891911748,0.6459198634008666
6122,1,1,0.43185531905090335,0.4334816604601241,0.13466302048897247
6123,1,0,0.6773658421072163,0.29422052100749746,0.02841363688528621
6124,2,2,0.013517645725432537,0.00014980632980021955,0.9863325479447672
6125,0,2,0.10885365899084212,0.07914479541222649,0.8120015455969314
6126,1,2,0.03263415705066193,0.07519298233794075,0.8921728606113973
6127,0,2,0.3203541940303972,0.2573536697940092,0.42229213617559347
6128,2,2,0.04850330226326169,0.27081063733677546,0.6806860603999628
6129,2,2,0.12788791487973544,0.018089566318913397,0.8540225188013512
6130,0,1,0.1604001103662419,0.6641363969705774,0.17546349266318065
6131,2,2,0.0651538149608181,0.27421726653251394,0.6606289185066679
6132,0,0,0.517018018334211,0.23127118053713452,0.25171080112865446
6133,1,2,0.35253993216054164,0.22570058540026056,0.4217594824391979
6134,1,1,0.13936737518987294,0.4436761415590356,0.41695648325109147
6135,0,0,0.48173705375728215,0.04694236290933258,0.47132058333338533
6136,2,2,0.15110055117749083,0.258296157020792,0.5906032918017171
6137,2,2,0.012992995804149967,0.1503238116054562,0.8366831925903938
6138,2,1,0.0660199021293726,0.6745739153750758,0.25940618249555164
6139,0,1,0.01644332234834804,0.6436238742666442,0.3399328033850076
6140,0,0,0.5915196854634327,0.31444526472880785,0.09403504980775947
6141,2,1,0.2217425281165499,0.5125492272930857,0.26570824459036435
6142,0,1,0.2825610831737695,0.5970906577760703,0.12034825905016018
6143,1,2,4.773762476401629e-12,3.400451350258715e-08,0.9999999659907126
6144,1,2,0.11107734684245998,0.17120094137456926,0.7177217117829708
6145,1,2,0.14539751283516006,0.1022337825316067,0.7523687046332332
6146,0,0,0.47138605362911706,0.37037830611582384,0.15823564025505918
6147,2,2,0.14958846800931982,0.07638975588562291,0.7740217761050573
6148,1,2,0.34799458985812554,0.26619031478534794,0.3858150953565264
6149,1,0,0.47257447758724846,0.39046736647954444,0.1369581559332071
6150,0,0,0.40132846146684975,0.2349014601500926,0.3637700783830577
6151,0,2,0.09738678196910616,0.0794111342640448,0.823202083766849
6152,1,2,0.0014140224655510914,0.2360367504902023,0.7625492270442465
6153,0,2,0.2037176584390537,0.30806183759822037,0.488220503962726
6154,1,2,0.16606184289660963,0.36438038760604047,0.4695577694973499
6155,0,2,0.187105068655485,0.2348342565607765,0.5780606747837385
6156,2,2,0.14188949620372573,0.10245734133413274,0.7556531624621416
6157,2,2,0.20260119807736948,0.3738841472774135,0.423514654645217
6158,0,0,0.8388410822318645,0.13226276594034483,0.028896151827790602
6159,2,2,0.29250072485451806,0.23193723668884667,0.47556203845663536
6160,0,2,0.34844638964043456,0.30010853862115705,0.35144507173840844
6161,0,0,0.8243871942190413,0.10480626991012937,0.07080653587082934
6162,2,2,0.011973563455150075,0.41664315820816633,0.5713832783366836
6163,2,1,0.007591022763117418,0.535779240947662,0.4566297362892205
6164,2,2,0.15530321634416136,0.2444781679254742,0.6002186157303645
6165,2,2,0.018599977897628704,0.06025041251216884,0.9211496095902024
6166,2,2,0.17928657313109114,0.2775648994853589,0.54314852738355
6167,2,2,0.014456284381097553,0.1414570535304346,0.8440866620884678
6168,2,2,0.06570497399045108,0.18826078872274138,0.7460342372868076
6169,2,2,0.15085193194163013,0.31486254681534226,0.5342855212430276
6170,0,0,0.5614018395580683,0.4262429423913382,0.012355218050593437
6171,0,2,0.22950587269342843,0.31300273013193075,0.45749139717464077
6172,2,2,6.373547728255463e-19,3.639584803817417e-13,0.9999999999996361
6173,2,1,0.1894886642360392,0.4205073040876258,0.39000403167633496
6174,2,2,0.04744344185194209,0.06528117600330022,0.8872753821447578
6175,2,2,0.09013377414853323,0.4014202710018145,0.5084459548496523
6176,1,1,0.26095357316559303,0.42915742839459564,0.30988899843981127
6177,1,2,0.24892490815810775,0.2782226035891878,0.4728524882527044
6178,0,0,0.5429256640016249,0.1411064476212734,0.3159678883771017
6179,1,2,0.18000278203371828,0.3393330178143172,0.48066420015196454
6180,2,2,0.0048319328649821,0.052739803821600116,0.9424282633134178
6181,2,2,0.008382840208683311,0.18796803068637483,0.8036491291049419
6182,0,2,0.28400455366572763,0.1809473057318376,0.5350481406024349
6183,2,1,0.30321141225650416,0.3981190461832116,0.2986695415602842
6184,0,2,0.23531831451077986,0.3645062287258776,0.4001754567633425
6185,2,2,0.006342829412393785,0.1014588940639527,0.8921982765236535
6186,1,0,0.9335788613738396,0.06237460413675726,0.00404653448940314
6187,0,2,0.20037914632257434,0.1349938511252744,0.6646270025521512
6188,2,2,0.10066199585171752,0.36170190842851285,0.5376360957197697
6189,0,0,0.5089574391583972,0.3808039781316838,0.11023858270991896
6190,2,2,0.08513403535019412,0.2006648924475918,0.7142010722022141
6191,2,2,0.09327355394468431,0.05817911125161818,0.8485473348036975
6192,2,2,0.08161188804370208,0.07897957875868655,0.8394085331976113
6193,2,2,0.22557811581834566,0.20947940629381223,0.5649424778878421
6194,2,2,2.231852756562704e-12,9.499291432411698e-06,0.9999905007063358
6195,2,1,0.18788368770905078,0.41607143510686617,0.39604487718408304
6196,2,2,0.1062264014584555,0.1938848179689971,0.6998887805725474
6197,0,0,0.6891830076064742,0.2163685623542571,0.09444843003926875
6198,2,0,0.4374531481901971,0.3970190081352428,0.16552784367456003
6199,2,2,0.003839491251869888,0.04260013732399451,0.9535603714241356
6200,1,0,0.6271039997888261,0.20945684964177774,0.16343915056939615
6201,0,2,0.0563387820729658,0.42508037800499504,0.5185808399220392
6202,0,0,0.7941837887452212,0.17650766498995932,0.029308546264819473
6203,0,2,0.1545613692071897,0.11025421406224901,0.7351844167305612
6204,2,1,0.28916189855399604,0.4005987704512293,0.3102393309947747
6205,0,1,0.2830432441296973,0.38806768425448623,0.3288890716158165
6206,2,2,0.2560877043983281,0.31779320528719357,0.4261190903144783
6207,2,2,0.12181390551962931,0.2089759181286318,0.6692101763517389
6208,2,1,0.05847424107385391,0.7074175941210169,0.23410816480512925
6209,1,2,0.07588990052168712,0.07281952318769118,0.8512905762906217
6210,2,2,0.07505091200660345,0.02550020818424044,0.8994488798091561
6211,2,2,5.193961890833607e-09,9.829300320735794e-06,0.9999901655057173
6212,2,0,0.66261992962214,0.1860066184750921,0.15137345190276782
6213,0,2,0.09829608159945062,0.4152375560315325,0.4864663623690168
6214,2,2,0.19829251530309383,0.22908742204516042,0.5726200626517457
6215,1,2,0.25893543887130005,0.33405495782513617,0.4070096033035638
6216,0,2,0.05697388684951527,0.22919329464319882,0.713832818507286
6217,0,0,0.4577302054824668,0.36022128921457597,0.18204850530295724
6218,2,2,0.15543603345744134,0.2610437407371028,0.5835202258054559
6219,0,0,0.6296490861287255,0.33440419916659514,0.03594671470467918
6220,2,2,0.3079989370846889,0.3255652895770134,0.3664357733382977
6221,1,0,0.8011276972627417,0.13267643972826298,0.06619586300899538
6222,2,1,0.015758251027822242,0.49518016053302566,0.4890615884391521
6223,2,2,0.22359430807690941,0.2621337265699075,0.5142719653531831
6224,2,2,0.0853984543761512,0.1351515771736632,0.7794499684501855
6225,2,2,0.07505607911747958,0.32179031475991454,0.6031536061226059
6226,0,2,0.18686455302060073,0.3598881901838337,0.4532472567955655
6227,1,2,0.197509581429288,0.19500079198846715,0.6074896265822448
6228,0,2,0.20810531563700235,0.2741385931367347,0.517756091226263
6229,2,1,0.04140246979311056,0.6150702304759668,0.34352729973092255
6230,2,1,0.3393506083436598,0.5050360605452713,0.15561333111106887
6231,2,2,0.20768999193279172,0.09811962097143016,0.6941903870957781
6232,2,2,0.029038034527688737,0.14591064701902942,0.825051318453282
6233,2,0,0.4400281282343038,0.20561687460394593,0.35435499716175023
6234,2,0,0.6764590352906018,0.23249537289687963,0.09104559181251848
6235,2,2,0.06498036419387054,0.04580171975503818,0.8892179160510912
6236,2,2,0.110441380480717,0.2900411031631507,0.5995175163561325
6237,0,2,0.3051901360732826,0.19481070979596607,0.49999915413075147
6238,2,2,0.005353514155808153,0.10315171212117213,0.8914947737230197
6239,2,2,0.07580912590173408,0.26240385021175594,0.66178702388651
6240,1,2,0.16671511042808598,0.1783930202934733,0.6548918692784408
6241,1,1,0.275445608300981,0.5042131567554853,0.22034123494353358
6242,2,2,0.00922647709519188,0.10622669770360342,0.8845468252012046
6243,1,2,0.18941221719565265,0.028019703604523483,0.7825680791998237
6244,2,2,0.06936762940071002,0.009761008885500218,0.9208713617137898
6245,2,2,0.08981934516459147,0.004971895869697066,0.9052087589657115
6246,2,1,0.33547302881652774,0.3609072401578312,0.303619731025641
6247,2,2,3.131598029915589e-08,0.00085766182651657,0.9991423068575032
6248,2,0,0.3643217136872667,0.36191152027658463,0.2737667660361487
6249,2,2,0.15227523313559096,0.19073637340416455,0.6569883934602444
6250,0,0,0.7684309597332408,0.20016317848375875,0.03140586178300034
6251,0,2,0.00863298940452622,0.03626249126854696,0.9551045193269267
6252,2,2,0.07096398204375692,0.09505795229467494,0.8339780656615682
6253,2,2,0.11870252564877312,0.2881233244054387,0.5931741499457882
6254,1,0,0.6354013383818322,0.25478315144322305,0.10981551017494462
6255,0,2,0.018978412246841856,0.15068423259403285,0.8303373551591253
6256,1,1,0.348653905452407,0.4589995521236297,0.19234654242396337
6257,2,2,0.0029791968432482012,0.05494558675520502,0.9420752164015468
6258,2,0,0.38330539154162685,0.23662540856450437,0.3800691998938687
6259,0,0,0.43315787270593814,0.3888893513138911,0.17795277598017076
6260,1,1,0.1300233654952201,0.554868807306323,0.31510782719845687
6261,0,1,0.23737563638481138,0.40636588368927185,0.3562584799259167
6262,0,2,0.3259051946375025,0.11137172355836285,0.5627230818041347
6263,1,2,0.2222697364794668,0.08602868491131796,0.6917015786092152
6264,0,2,0.07053673908179744,0.07275779991128324,0.8567054610069194
6265,1,2,0.2970495215558362,0.19502219387142505,0.5079282845727388
6266,2,0,0.8603319367112504,0.04435285464643055,0.0953152086423189
6267,0,2,0.25662268965361085,0.22829489850392118,0.515082411842468
6268,0,2,0.14220130957493096,0.1023645405663509,0.755434149858718
6269,2,1,0.04015220012180847,0.8704107973520709,0.08943700252612066
6270,2,1,0.14805385498709073,0.44664462577338254,0.40530151923952673
6271,2,1,0.36226135023746536,0.3841132254919802,0.2536254242705545
6272,0,2,0.3431776710789165,0.2214303726555959,0.43539195626548755
6273,2,0,0.5783409189097118,0.4215767458234194,8.233526686879477e-05
6274,1,2,0.32662726195332026,0.2578501182570566,0.4155226197896232
6275,2,2,0.014133137687368612,0.2729218130766773,0.7129450492359541
6276,2,2,0.44933282112261447,0.0455471829489142,0.5051199959284713
6277,1,0,0.45220389377401865,0.2039780533091166,0.3438180529168646
6278,2,2,0.019592971433046447,0.2180821755092175,0.762324853057736
6279,2,2,0.2761034830632984,0.24408576556194642,0.4798107513747552
6280,0,1,0.17795204753158164,0.4454085279858529,0.3766394244825655
6281,2,2,0.25402111766255164,0.12142104488397058,0.6245578374534777
6282,1,1,0.2519850175491532,0.4571186088951061,0.2908963735557406
6283,0,1,0.40562522748511015,0.42571322097968395,0.16866155153520587
6284,2,2,0.0723360199179253,0.16323218738705786,0.7644317926950168
6285,1,0,0.3977660940816111,0.32356638403346755,0.2786675218849213
6286,0,2,0.0571610164844917,0.35818342365972594,0.5846555598557823
6287,1,0,0.40219659769468497,0.40103964511023554,0.19676375719507938
6288,2,2,0.0007296398371473493,0.09645617258658803,0.9028141875762646
6289,2,2,0.21503870381540982,0.1654580209995279,0.6195032751850622
6290,2,2,0.07955660903838996,0.05667953467784184,0.8637638562837682
6291,2,2,0.1464218239149343,0.26492504880824436,0.5886531272768213
6292,0,0,0.3923380005192994,0.3699332532349246,0.23772874624577595
6293,0,1,0.22772458534166976,0.5246586706839369,0.2476167439743933
6294,0,2,0.25985766891414447,0.01825198231220865,0.7218903487736469
6295,1,2,0.00011301540109028711,9.796924366402058e-06,0.9998771876745434
6296,1,2,0.17469353230662146,0.36097619436680944,0.46433027332656907
6297,2,0,0.534889538826232,0.3348467123734857,0.13026374880028235
6298,1,2,0.1855269051602518,0.16215841865635156,0.6523146761833967
6299,1,2,0.010799813540695317,0.08548263388807974,0.903717552571225
6300,2,2,0.014067008035873624,0.13363673334716958,0.8522962586169569
6301,1,0,0.3627277367302262,0.29604712440467756,0.34122513886509626
6302,2,2,0.12911161434155494,0.2787346395245438,0.5921537461339013
6303,2,2,6.826775874286389e-10,8.714550754367866e-07,0.999999127862247
6304,2,2,0.1647688978968415,0.27156464237051836,0.5636664597326401
6305,2,0,0.46463073033891084,0.1760316245268714,0.35933764513421784
6306,2,2,0.33364081291546954,0.21816217037060712,0.4481970167139234
6307,1,2,0.2119774944037604,0.31939007012556125,0.4686324354706784
6308,2,2,0.13714198455773208,0.16916377242855285,0.6936942430137151
6309,2,2,0.06276519455579303,0.24013861525127567,0.6970961901929313
6310,2,0,0.3564933991401083,0.32120690688743075,0.3222996939724609
6311,1,2,0.03427980406358554,0.11564695857284167,0.8500732373635729
6312,2,2,0.010996223544646001,0.08416598411778857,0.9048377923375654
6313,1,0,0.6063277461373803,0.29308562833324947,0.10058662552937028
6314,2,1,0.12490588246574921,0.7431523467825087,0.13194177075174213
6315,2,0,0.4716771925284363,0.16650693654744997,0.3618158709241137
6316,2,2,0.12201044298074343,0.20834029489423833,0.6696492621250182
6317,2,0,0.43984777468476016,0.12216600864140316,0.43798621667383675
6318,0,0,0.5631593701889988,0.28283066601585943,0.1540099637951419
6319,1,0,0.45947402471006843,0.4390973409723316,0.10142863431760003
6320,2,2,0.09668793258389353,0.185843009557264,0.7174690578588425
6321,2,2,0.001919592850542931,0.004473162196940034,0.9936072449525171
6322,0,2,0.3740380321678048,0.052338645113231184,0.5736233227189641
6323,1,0,0.38822527693175457,0.37735674047927803,0.2344179825889674
6324,0,1,0.24134127274386008,0.42196878467402643,0.33668994258211354
6325,0,0,0.99574041071651,0.004047231264975422,0.00021235801851461015
6326,2,1,0.19760068654922777,0.5110925878037437,0.2913067256470286
6327,2,2,0.03758192580681306,0.09172312944700055,0.8706949447461865
6328,1,2,0.14640334587095202,0.29923754527742347,0.5543591088516244
6329,0,2,0.20610694317860803,0.21842296355909888,0.5754700932622931
6330,2,2,0.025370522245354517,0.3298250411644361,0.6448044365902095
6331,2,2,0.1074877435499251,0.275345246628092,0.6171670098219828
6332,0,1,0.2808480477946301,0.5109272405847041,0.20822471162066591
6333,2,0,0.5873698265168401,0.29701216630566574,0.11561800717749408
6334,2,2,0.38764533109388244,0.19569840677818265,0.4166562621279349
6335,1,2,0.25140327224678655,0.2411194854634963,0.5074772422897171
6336,1,2,0.07095974878064958,0.36022073816187256,0.5688195130574779
6337,2,1,0.29287969234489536,0.39079490859122235,0.31632539906388224
6338,0,2,0.21488092405527445,0.03953495032255775,0.7455841256221678
6339,2,0,0.4868572000409725,0.3724269888610259,0.14071581109800158
6340,1,2,0.09351024346044409,0.2692913386071145,0.6371984179324414
6341,2,0,0.4853782275033478,0.09082884505147124,0.423792927445181
6342,0,2,0.10540686176160523,0.2519592566686601,0.6426338815697347
6343,1,1,0.06812403971348799,0.8951122016387619,0.03676375864774995
6344,2,2,0.08055843615389605,0.20612797944063815,0.7133135844054659
6345,2,2,0.08029149871377875,0.13743825445565927,0.782270246830562
6346,2,0,0.6291444253030277,0.16930493677845562,0.20155063791851657
6347,0,0,0.652131936595622,0.3039243557002976,0.04394370770408046
6348,2,2,0.00771754978022074,0.4242835733588454,0.567998876860934
6349,2,2,0.08250962935859932,0.27121624692947044,0.6462741237119302
6350,2,2,0.0676417887276246,0.2956424001585572,0.6367158111138183
6351,0,0,0.5300854674490888,0.34677614601122686,0.12313838653968437
6352,2,2,0.13493255709060575,0.36411779101534614,0.5009496518940482
6353,0,0,0.3671888409654198,0.3480531652963562,0.28475799373822386
6354,2,2,0.23031592966531525,0.22814819413276313,0.5415358762019216
6355,0,0,0.9258745898238091,0.009952529987631907,0.06417288018855903
6356,2,2,0.05794168251486614,0.20439349297235188,0.737664824512782
6357,0,0,0.6037077790310533,0.26496887426356336,0.13132334670538326
6358,0,1,0.34991359725351845,0.4809600310280314,0.16912637171845013
6359,0,2,0.34429883022850677,0.24056706248641013,0.4151341072850832
6360,1,1,0.2633016109082398,0.38243524422465086,0.3542631448671093
6361,1,2,0.030829271257528212,0.20273180396075022,0.7664389247817216
6362,2,2,0.10005173077821101,0.3072292715065501,0.5927189977152388
6363,2,1,0.19445395427676265,0.6102611399383085,0.19528490578492883
6364,0,1,0.2588675776321245,0.47032673341965053,0.27080568894822504
6365,0,1,0.32617928065088847,0.4115862190530964,0.26223450029601514
6366,1,2,0.08303215556011075,0.06936015600748235,0.8476076884324069
6367,2,2,0.1338206834408619,0.21892443607259154,0.6472548804865467
6368,2,2,0.0016174653245518307,0.05731981133453458,0.9410627233409136
6369,2,2,0.18492196189744517,0.2941361424775668,0.5209418956249879
6370,2,2,0.06996232598996459,0.383712653211565,0.5463250207984703
6371,1,0,0.5701326767124829,0.3372102548010582,0.09265706848645877
6372,2,2,0.02151948897830638,0.12328149786820602,0.8551990131534877
6373,2,2,0.10901968771550948,0.12034893832684607,0.7706313739576445
6374,2,2,0.11823376808601131,0.09265739346235662,0.789108838451632
6375,2,2,0.02853470407767843,0.19611775087193997,0.7753475450503816
6376,1,1,0.03967701112536425,0.7935573718312615,0.1667656170433744
6377,1,0,0.4803377046001414,0.3617787022415799,0.1578835931582786
6378,1,2,0.15115031098406687,0.359286439952342,0.48956324906359117
6379,2,2,0.07953766647827487,0.30288077247980966,0.6175815610419155
6380,0,2,0.19974618040895245,0.13764905982452733,0.6626047597665202
6381,1,0,0.6110957219355959,0.35568224213405625,0.0332220359303479
6382,2,0,0.5049577963598383,0.34138079619358136,0.15366140744658036
6383,1,0,0.5414482476939164,0.24488736823256546,0.2136643840735182
6384,0,1,0.39922455426011694,0.4454406576535202,0.15533478808636283
6385,2,2,0.016089757476799034,0.25330841904723767,0.7306018234759633
6386,0,2,0.04812962860151413,0.1434827553347742,0.8083876160637116
6387,1,2,0.02040983864791817,0.06720976432027027,0.9123803970318116
6388,0,2,0.18912293800353944,0.20885519429452612,0.6020218677019344
6389,1,2,0.046891196404065576,0.11496948203882089,0.8381393215571136
6390,2,2,0.034673974252071645,0.29794964458820533,0.667376381159723
6391,0,0,0.40330362055483593,0.38865360414507244,0.20804277530009158
6392,1,2,0.1785895757199149,0.3950241002766211,0.4263863240034641
6393,0,0,0.4966808637721353,0.37600966136925257,0.12730947485861224
6394,1,2,0.2318402675789063,0.21955024908269216,0.5486094833384015
6395,1,2,0.3522941132617792,0.19956219073438403,0.4481436960038368
6396,0,0,0.5105209059136979,0.26447062301837815,0.22500847106792402
6397,2,2,0.10924614250900846,0.22712455201359533,0.6636293054773962
6398,1,1,0.2107490248575846,0.544589561154047,0.24466141398836838
6399,2,0,0.6056140531581212,0.326325605341301,0.06806034150057777
6400,0,1,0.3237730368278341,0.4683697326106971,0.20785723056146885
6401,1,2,0.27973098819595915,0.3060486240666649,0.4142203877373759
6402,2,1,0.2805745245060573,0.5810801862512777,0.138345289242665
6403,1,2,0.2622061965859462,0.18989209922349065,0.5479017041905632
6404,1,0,0.5356209553292373,0.26010272634225107,0.20427631832851165
6405,2,2,0.12050199496993075,0.1882215644335652,0.6912764405965041
6406,2,2,0.012900502943769489,0.20111510534935073,0.7859843917068798
6407,2,2,0.0510924794326625,0.09677328896974845,0.852134231597589
6408,0,1,0.293925814780709,0.4611064693850647,0.24496771583422636
6409,2,2,0.34500775915329085,0.2669876855357221,0.388004555310987
6410,0,0,0.739265244388316,0.06136438816232513,0.199370367449359
6411,0,2,0.2536711481900059,0.31555636453675123,0.4307724872732429
6412,2,2,0.016136807515797776,0.12014896460763683,0.8637142278765654
6413,2,2,0.040698413781242504,0.1848319028827449,0.7744696833360126
6414,1,1,0.38946908307058464,0.43177343741428165,0.1787574795151338
6415,0,0,0.44548713930781647,0.2621793234825392,0.2923335372096443
6416,2,2,0.22012247464271384,0.17318887241593306,0.6066886529413531
6417,0,2,0.15933993684773068,0.15939042722262514,0.6812696359296442
6418,0,1,0.28792285630637654,0.41882727177758095,0.2932498719160424
6419,2,2,0.09221997090070068,0.10689038393850281,0.8008896451607964
6420,2,0,0.6702323061394714,0.3099252674584005,0.019842426402128
6421,0,1,0.34865749951480424,0.4151565834251454,0.23618591706005032
6422,2,2,0.0803823425457836,0.17385011428582117,0.7457675431683952
6423,2,2,0.03387912493261343,0.05362727132237374,0.9124936037450129
6424,1,1,0.2827379878481227,0.44827614832135393,0.2689858638305233
6425,1,1,0.23662815496280368,0.47849061619261474,0.28488122884458156
6426,2,2,0.01341452745239101,0.09132663122810074,0.8952588413195083
6427,0,0,0.6535532764650863,0.27339698925554323,0.07304973427937046
6428,2,2,0.14771835653045273,0.35425017705114065,0.4980314664184066
6429,1,0,0.451829071675721,0.36304828641858894,0.18512264190569014
6430,1,2,0.3561578979524886,0.2838523864661359,0.35998971558137544
6431,2,1,0.38608018845236347,0.5219325612606325,0.0919872502870041
6432,0,2,0.045607730679596926,0.2188227341409721,0.7355695351794309
6433,0,0,0.7522531894464595,0.11514571653559642,0.13260109401794398
6434,1,1,0.3227021389569193,0.34134805489371245,0.33594980614936826
6435,1,2,0.18718335540755984,0.18791552365564076,0.6249011209367993
6436,2,1,0.16258290136146766,0.5840908873184241,0.25332621132010835
6437,1,2,0.08469422792506448,0.1499519765952729,0.7653537954796625
6438,2,2,0.17171565254454935,0.4079562631979548,0.4203280842574958
6439,0,0,0.48525804537568545,0.26163986017828184,0.25310209444603265
6440,2,2,0.00768388708066882,0.1354011242906991,0.8569149886286321
6441,2,0,0.5647105774797382,0.4270775484591021,0.00821187406115962
6442,2,2,0.43427803596195086,0.1086727183381634,0.45704924569988575
6443,2,1,0.2656136314587398,0.6010679374239273,0.1333184311173329
6444,0,2,0.03757964578687947,0.11260365479196557,0.849816699421155
6445,2,1,0.3189279968528971,0.46130425270896863,0.2197677504381343
6446,1,2,0.05393939572093462,0.10845500852960635,0.837605595749459
6447,0,2,0.06559654217285468,0.22994449944664255,0.7044589583805028
6448,1,2,0.06292769676193925,0.28760364203422345,0.6494686612038373
6449,1,0,0.3947261531638202,0.3771054051017648,0.228168441734415
6450,0,2,0.05619922036809379,0.3615082132460756,0.5822925663858305
6451,2,2,0.02856900418126031,0.3864271168989266,0.5850038789198132
6452,1,0,0.958227491291414,0.0054344245450875595,0.0363380841634984
6453,2,2,0.014350958746955125,0.10017656783802283,0.885472473415022
6454,1,1,0.12927991900178232,0.5634351425032477,0.3072849384949701
6455,0,2,0.28893165107994634,0.3256722631761584,0.3853960857438953
6456,0,2,0.10689941500843572,0.2042598748696336,0.6888407101219308
6457,2,2,0.07097537352835225,0.16387795007406228,0.7651466763975855
6458,0,0,0.4150701076274515,0.1878872510739215,0.397042641298627
6459,1,1,0.0075026765262342955,0.9887848528006515,0.003712470673114294
6460,0,2,0.24790243101303538,0.31884050039669964,0.4332570685902649
6461,0,2,0.2759134775091591,0.2456386414188661,0.4784478810719748
6462,0,0,0.7116858894182762,0.10791877859343246,0.1803953319882913
6463,1,2,0.061399138835667486,0.3564151932201008,0.5821856679442318
6464,2,1,0.2481562805626172,0.5895719397973925,0.1622717796399903
6465,0,0,0.6135216299651568,0.2559375731091103,0.130540796925733
6466,0,2,0.19930652659012596,0.24153535650936445,0.5591581169005096
6467,2,2,0.16370380362928355,0.2638397615252339,0.5724564348454825
6468,2,0,0.6729969456222233,0.1994941937112886,0.12750886066648798
6469,0,0,0.6800453714226767,0.19381569745469404,0.1261389311226292
6470,2,2,0.0038119585944387693,0.038194816350352614,0.9579932250552087
6471,0,2,0.14916250376046403,0.23958554541645188,0.611251950823084
6472,2,2,0.19268277079514975,0.254889756705875,0.5524274724989753
6473,1,0,0.4785363076355562,0.39516996496626544,0.1262937273981784
6474,0,2,0.3530301942141358,0.19854746825643324,0.448422337529431
6475,0,2,0.1133209020679371,0.23220425298247668,0.6544748449495863
6476,2,2,0.09091675839276561,0.33340350294435167,0.5756797386628827
6477,1,2,0.3097991798319482,0.20397503679499976,0.4862257833730521
6478,0,0,0.6662558402130545,0.06401474300507293,0.26972941678187257
6479,0,0,0.7272543979383281,0.11976587848041373,0.15297972358125816
6480,0,0,0.3833069900499624,0.2827997381492968,0.3338932718007409
6481,1,0,0.4755436073316518,0.31706328991138605,0.20739310275696204
6482,1,2,0.16383173150270222,0.20568512574759465,0.6304831427497032
6483,0,0,0.36369182593427735,0.35843702651800774,0.2778711475477148
6484,0,2,0.14066154461857264,0.3989210588204543,0.46041739656097314
6485,2,1,0.1767518848358657,0.4872579205148397,0.33599019464929475
6486,1,2,0.21040097432977745,0.23050040915146153,0.559098616518761
6487,2,1,0.14436527413644323,0.4507817530116405,0.40485297285191635
6488,2,0,0.6004655271162791,0.28574792296327783,0.1137865499204431
6489,0,2,0.15076937519889838,0.10656999319842425,0.7426606316026774
6490,0,2,0.15851510241226124,0.14990157067682713,0.6915833269109116
6491,0,0,0.5432699713598141,0.11425909415693031,0.34247093448325555
6492,2,2,0.04064484920330191,0.0726687664148579,0.8866863843818401
6493,1,1,0.09080662801100929,0.4996970832097503,0.4094962887792405
6494,0,0,0.4739144577396872,0.24733061706950632,0.27875492519080647
6495,0,2,0.15484135007939803,0.22937107126599132,0.6157875786546106
6496,0,0,0.5957667126913808,0.18564777924661507,0.21858550806200414
6497,0,0,0.5732813026458964,0.32799839459473146,0.09872030275937213
6498,2,2,0.08909652922194905,0.2620769574522393,0.6488265133258118
6499,0,1,0.021940799787338337,0.7535858712927133,0.2244733289199485
6500,2,2,0.11673452449951956,0.3031713284764812,0.5800941470239992
6501,1,2,0.15631252047231037,0.3759260132000933,0.4677614663275964
6502,1,2,0.15885155160904552,0.25079130338953165,0.5903571450014229
6503,1,1,0.32983131393697307,0.3380910099192961,0.33207767614373074
6504,2,2,0.19726757421605584,0.23930220773859673,0.5634302180453474
6505,0,2,0.060716605753825516,0.17720692915422806,0.7620764650919465
6506,1,1,0.41477714386156944,0.5816171982767573,0.003605657861673246
6507,2,2,0.14105286518305932,0.2768934308482802,0.5820537039686605
6508,2,2,0.011495189004782897,0.1189740350617617,0.8695307759334555
6509,2,2,0.1802982301601964,0.23306167073004,0.5866400991097637
6510,0,0,0.7190262764506615,0.2450333786193468,0.035940344929991506
6511,0,2,0.13837298517030888,0.06650861778079498,0.7951183970488961
6512,2,2,0.045885212955569965,0.2626520441128265,0.6914627429316036
6513,0,2,0.18593646251293944,0.17325476011032506,0.6408087773767356
6514,1,2,0.12104208151735994,0.21766093126804387,0.6612969872145962
6515,0,0,0.9130625590465333,0.030910872574169402,0.05602656837929732
6516,2,2,0.06409108144777657,0.23079541682256954,0.7051135017296538
6517,0,2,0.14759636872684223,0.25877018108119926,0.5936334501919585
6518,2,1,0.34259970181768873,0.3746864934673635,0.2827138047149478
6519,0,2,0.1328645041212959,0.22816799355664685,0.6389675023220571
6520,2,2,0.15551721940591695,0.34456407022565616,0.4999187103684269
6521,2,2,0.05094498765165981,0.13307387050243882,0.8159811418459013
6522,1,0,0.505416062281975,0.1819203511061688,0.3126635866118562
6523,2,2,0.2885981275963268,0.14995013848255584,0.5614517339211174
6524,1,2,0.07810408854764882,0.17472371868256303,0.7471721927697882
6525,2,0,0.900430653689382,0.019878306277696326,0.07969104003292173
6526,1,2,0.09782757002740565,0.2991755618631098,0.6029968681094846
6527,1,2,0.1265627463632108,0.15178717289326182,0.7216500807435273
6528,2,1,0.18904985646163291,0.4206877192795421,0.3902624242588249
6529,2,0,0.82536788822246,0.14343223450659737,0.031199877270942672
6530,0,1,0.3331640679667868,0.39886744835615484,0.26796848367705844
6531,1,1,0.29498495304778527,0.5154266630497593,0.18958838390245553
6532,0,0,0.6476638106580765,0.05796877383764627,0.2943674155042772
6533,0,0,0.5505303460284986,0.19087641397232635,0.25859323999917494
6534,1,2,0.06311965140345333,0.39264723955228975,0.5442331090442569
6535,2,1,0.18354446110657804,0.41644530803489666,0.40001023085852533
6536,2,2,0.011604597449490746,0.07356258916977235,0.914832813380737
6537,2,1,0.2713197671961338,0.7087012814495854,0.019978951354280884
6538,2,2,0.06484607373161011,0.19727167628501474,0.7378822499833751
6539,0,1,0.23002948261903444,0.5973765019555252,0.1725940154254404
6540,1,0,0.6089475003422457,0.2802006960094347,0.1108518036483196
6541,0,0,0.5324330358189973,0.3165706350812338,0.15099632909976907
6542,2,2,0.08111657632211047,0.4453917601942613,0.4734916634836283
6543,2,2,0.08950669254757583,0.17799198496815188,0.7325013224842722
6544,2,2,0.04491402975587593,0.054550094656320644,0.9005358755878035
6545,0,2,0.11243242918979802,0.38883174209823074,0.4987358287119712
6546,0,1,0.23563731580624192,0.4512967696887226,0.3130659145050355
6547,2,0,0.43134106694336205,0.34128427349638374,0.22737465956025424
6548,0,1,0.3337805096122033,0.3730454074818458,0.2931740829059509
6549,2,0,0.8566388989446294,0.04647067843455969,0.09689042262081077
6550,1,2,0.2738324238684605,0.2572842553490774,0.46888332078246214
6551,1,2,0.12389505015777501,0.28562329331083847,0.5904816565313865
6552,2,2,0.2022745491827533,0.08635602085584113,0.7113694299614055
6553,2,2,0.09714025367674893,0.20967390163108746,0.6931858446921636
6554,2,2,0.010922365698550582,0.10038646998168241,0.888691164319767
6555,1,2,0.14189161832673713,0.22889564224300923,0.6292127394302536
6556,1,1,0.3279288156052605,0.41679661903578924,0.2552745653589502
6557,2,2,0.3311511385025593,0.33221919302990455,0.33662966846753617
6558,0,1,0.35303903397230435,0.5038740431423414,0.1430869228853543
6559,1,1,0.27389968199499315,0.48718537895999636,0.2389149390450106
6560,2,2,0.04106715254375138,0.09986959965262412,0.8590632478036244
6561,1,2,0.23739361741664647,0.11158776703014811,0.6510186155532054
6562,0,1,0.2343774525534633,0.4812748304195758,0.28434771702696077
6563,2,1,0.06400578086413464,0.5003106844178195,0.43568353471804594
6564,1,2,0.2660520722148075,0.3505255731068891,0.3834223546783035
6565,2,2,0.28146927823646306,0.3484430162236648,0.37008770553987214
6566,1,2,0.4201134099120466,0.08822066099161809,0.49166592909633533
6567,2,2,0.023595723635348956,0.02515675464266365,0.9512475217219873
6568,1,1,0.2147061058618711,0.40079290658674016,0.38450098755138873
6569,2,2,0.1365282418989484,0.38924302144524353,0.4742287366558081
6570,0,2,0.17659003793124936,0.2876939088483072,0.5357160532204435
6571,2,2,0.03013073833110763,0.09828909121106423,0.8715801704578281
6572,0,0,0.82584712790472,0.12861609269250399,0.04553677940277591
6573,2,2,0.11080528824001178,0.16941294182305153,0.7197817699369367
6574,2,0,0.3609943626774899,0.35340439631180776,0.28560124101070233
6575,0,2,0.06076061860041652,0.3292299180569984,0.6100094633425851
6576,2,2,0.1201239687459323,0.31580254446246236,0.5640734867916053
6577,0,2,0.271049605398498,0.3534769727423233,0.37547342185917865
6578,2,2,0.06801997009929958,0.1946467406472703,0.7373332892534302
6579,1,1,0.2880991826785959,0.6831300527355685,0.028770764585835676
6580,2,2,0.11955377050419239,0.2575544430774254,0.6228917864183822
6581,0,1,0.03373945808508589,0.566591388014896,0.3996691539000183
6582,1,2,0.17344323872923437,0.2277364826390996,0.5988202786316661
6583,0,2,0.17652952599401656,0.3287852460836865,0.49468522792229686
6584,0,0,0.621452172317938,0.23468868698729686,0.143859140694765
6585,1,2,0.10799161942906763,0.3383976661573011,0.5536107144136313
6586,0,1,0.377545771029483,0.5545097740376381,0.0679444549328788
6587,1,0,0.5796046094062417,0.2803732558980362,0.14002213469572225
6588,2,2,0.12356137916113515,0.2889615728354401,0.5874770480034248
6589,2,2,0.07083517593303476,0.22108156226638148,0.7080832618005838
6590,2,1,0.2875141588295492,0.38405944530697805,0.3284263958634727
6591,1,1,0.1807181143802598,0.4431520952783475,0.37612979034139277
6592,1,2,0.10101536208838789,0.21485117243467777,0.6841334654769343
6593,2,2,0.006801498621941968,0.10918224115853319,0.8840162602195248
6594,0,2,0.30420578913446655,0.21374347770907834,0.4820507331564551
6595,0,1,0.2843201527637203,0.3779598295478971,0.33772001768838256
6596,0,0,0.47631227283420935,0.24212246359928336,0.2815652635665074
6597,2,1,0.14361243455197817,0.6335392636855264,0.2228483017624956
6598,2,2,0.0658826855160884,0.18034128244571063,0.753776032038201
6599,0,0,0.3654798172188112,0.3449966070322255,0.28952357574896326
6600,2,2,0.011445525845907068,0.11017680360719243,0.8783776705469005
6601,2,0,0.9443191990025401,0.02508211343409822,0.030598687563361766
6602,0,1,0.33742870947006676,0.45653710459244534,0.2060341859374878
6603,1,1,0.11435292826051308,0.5014245248536413,0.3842225468858457
6604,2,2,0.2518476405651797,0.2748056970159348,0.47334666241888534
6605,2,2,0.029431987887619946,0.24760919335584608,0.7229588187565339
6606,0,0,0.6880656926114889,0.2952824479393315,0.016651859449179678
6607,2,1,0.20479063034030584,0.42497670233706675,0.37023266732262733
6608,0,1,0.22745775468338447,0.43547308574582605,0.33706915957078937
6609,0,2,0.08145554002152959,0.10503010254409921,0.8135143574343712
6610,0,0,0.538772256906185,0.31041502783478997,0.150812715259025
6611,0,0,0.46399327012194846,0.21412009131335422,0.3218866385646974
6612,1,2,0.09497408730206588,0.17986452002196784,0.7251613926759662
6613,2,2,0.10058704087164524,0.19627096001984548,0.7031419991085094
6614,0,2,0.06746918015335493,0.23770270562780246,0.6948281142188426
6615,2,2,0.02210242534157788,0.13780114145444472,0.8400964332039774
6616,2,2,0.40066786834963203,0.11014366827823972,0.4891884633721282
6617,2,0,0.7074005989707812,0.020097844682097563,0.27250155634712125
6618,2,2,0.1320755825890851,0.08244468548506458,0.7854797319258504
6619,0,0,0.5356989265120217,0.26973085271038344,0.19457022077759492
6620,1,2,0.13316788161866838,0.15518818860446995,0.7116439297768618
6621,0,2,0.20006588255785376,0.28612012391017055,0.5138139935319757
6622,2,2,0.08479296382823015,0.05840358593525356,0.8568034502365163
6623,2,0,0.6788489493237051,0.16009380958373337,0.16105724109256153
6624,2,2,0.06452590921059222,0.2910614977137472,0.6444125930756607
6625,0,2,0.39387581165343954,0.20870627061871277,0.3974179177278476
6626,2,2,0.13137979955549023,0.24868459692470676,0.619935603519803
6627,2,0,0.4345612395669231,0.2953189337396509,0.270119826693426
6628,2,1,0.18980777145384256,0.42801594213145655,0.3821762864147008
6629,0,2,0.03212403503543635,0.2433104022170454,0.7245655627475183
6630,1,2,0.03809440113195642,0.26260831468519336,0.6992972841828502
6631,2,1,0.3730990093714367,0.3851324119902378,0.24176857863832552
6632,1,2,0.08503267319102141,0.14629848044610386,0.7686688463628747
6633,1,1,0.22284622772534224,0.38955284177361976,0.3876009305010381
6634,2,2,0.03935260195712875,0.39090691879307676,0.5697404792497945
6635,1,2,0.10369184094072002,0.02578649786901813,0.8705216611902618
6636,0,1,0.013690126738713492,0.79527601747471,0.19103385578657653
6637,0,1,0.2776284620451625,0.426208351372202,0.2961631865826356
6638,0,1,0.10916981513936722,0.5362215226058001,0.3546086622548326
6639,0,1,0.38849439427720195,0.505396058126509,0.10610954759628916
6640,2,2,0.009891706731875085,0.04265037221312108,0.9474579210550037
6641,0,1,0.33399267935064825,0.4186665582039964,0.2473407624453554
6642,2,2,0.069036167643457,0.19355907015337115,0.7374047622031719
6643,1,0,0.6146738726704584,0.25079577213558646,0.13453035519395515
6644,1,0,0.4151044659810055,0.3045268378353362,0.28036869618365834
6645,1,1,0.33676299743581933,0.40559634633193437,0.2576406562322463
6646,2,2,0.005183538483892943,0.08395565664634186,0.9108608048697652
6647,1,1,0.3275497978406391,0.4559106168474099,0.21653958531195092
6648,2,2,0.10724966891799977,0.40666889500141173,0.48608143608058846
6649,2,2,0.043822567424406815,0.23331199820739548,0.7228654343681977
6650,2,2,0.0244995567755813,0.03610663251207613,0.9393938107123426
6651,0,2,0.07233362316963486,0.4462152847843035,0.4814510920460616
6652,2,2,0.07943585657048867,0.33742692224171666,0.5831372211877947
6653,1,1,0.29020844499645054,0.4838912754059571,0.22590027959759226
6654,0,1,0.30126668024889847,0.5329426164259232,0.16579070332517828
6655,0,1,0.07782580590934546,0.8961607277397828,0.026013466350871737
6656,2,2,0.123074140447243,0.34883538523482477,0.5280904743179322
6657,2,2,0.28363624735157406,0.33650801332400626,0.37985573932441963
6658,0,0,0.7183684705979768,0.13810127264143257,0.1435302567605905
6659,2,0,0.4902636017483364,0.22876243851153907,0.28097395974012435
6660,0,0,0.4548783960819807,0.39716358809052177,0.14795801582749762
6661,2,0,0.4948532925457568,0.322574211007286,0.1825724964469574
6662,2,2,0.0026911582889336087,0.32446647005955104,0.6728423716515154
6663,0,2,0.16921328151237164,0.2458386483771101,0.5849480701105182
6664,2,2,0.07377061227649612,0.20692214164678768,0.7193072460767161
6665,0,1,0.24573562483449685,0.46849584232732583,0.2857685328381774
6666,0,0,0.5826916038966713,0.24372445984690114,0.1735839362564276
6667,2,2,0.21110276309007292,0.3105608935116687,0.4783363433982583
6668,2,2,0.06781962958787699,0.4163898905319791,0.5157904798801438
6669,2,2,5.770189788332387e-08,0.12424557290710483,0.8757543693909973
6670,1,2,0.2861522289498936,0.25224541502478104,0.46160235602532546
6671,1,2,0.06293080116728642,0.12550547009274057,0.811563728739973
6672,1,0,0.6785447198036747,0.2969290394689491,0.024526240727376275
6673,2,2,0.06491534386180396,0.1374123880007021,0.7976722681374939
6674,0,2,0.0714458941896879,0.37453775958086905,0.5540163462294431
6675,1,0,0.4877889397066111,0.13251356669569062,0.3796974935976982
6676,2,2,0.15621104205866743,0.07197339559173693,0.7718155623495956
6677,2,2,0.06784478960308202,0.024831014971406603,0.9073241954255113
6678,2,2,0.025410120963081276,0.16243478183475554,0.8121550972021632
6679,2,2,0.33409029133810403,0.24690093265552146,0.41900877600637454
6680,2,2,0.29941626187439974,0.24136168727255813,0.4592220508530422
6681,2,2,0.0655510161198286,0.09630348561229339,0.838145498267878
6682,0,2,0.02020793005780298,0.14847008788586102,0.831321982056336
6683,0,0,0.39910877736290634,0.24964414432513846,0.35124707831195523
6684,2,1,0.296078786495399,0.5518193977539408,0.15210181575066
6685,2,2,4.966851608377388e-12,3.635072041801849e-08,0.9999999636443127
6686,0,0,0.5175117434616522,0.3604840390028496,0.12200421753549827
6687,0,2,0.3617205932570361,0.26630603503274697,0.371973371710217
6688,1,2,0.02290019220074554,0.03772529764642505,0.9393745101528295
6689,1,2,0.18213981457294304,0.3896799683648744,0.4281802170621826
6690,2,2,0.06339508219512141,0.009469820337010713,0.9271350974678678
6691,0,2,0.15227405297184746,0.3910521055317508,0.4566738414964018
6692,1,2,0.00024485541293626725,0.07916660169056912,0.9205885428964947
6693,2,2,0.04224424302341148,0.041516771778784566,0.916238985197804
6694,2,0,0.43344924172548327,0.3254333941326163,0.2411173641419005
6695,2,1,1.9528005906185087e-05,0.6114158426991142,0.38856462929497965
6696,1,2,0.05701485843371412,0.23606444672155527,0.7069206948447307
6697,2,0,0.7483140969700091,0.22056030916558117,0.031125593864409894
6698,0,2,0.06968354354897703,0.25167900988122965,0.6786374465697933
6699,2,0,0.4686485150597722,0.2853303341376614,0.2460211508025663
6700,0,2,0.19627331462339642,0.3842112383697264,0.4195154470068771
6701,0,0,0.7048819912747718,0.28667356753818124,0.00844444118704696
6702,0,2,0.09575599326421402,0.356815859447905,0.547428147287881
6703,0,0,0.8003644649371361,0.16175717775248372,0.03787835731038026
6704,0,2,0.11684949655897155,0.10983536899156286,0.7733151344494656
6705,0,2,0.20402482190491877,0.254494309190396,0.5414808689046852
6706,2,2,0.09102695876954943,0.34928762549331926,0.5596854157371313
6707,1,1,0.29561037831764636,0.43347128730891066,0.27091833437344304
6708,2,2,0.07880673721271512,0.22987512942438854,0.6913181333628963
6709,2,0,0.6011361218252851,0.36295869478882864,0.035905183385886226
6710,2,0,0.7477346070255718,0.1607151065415965,0.09155028643283177
