,Outcome,Prediction,ProbA,ProbD,ProbH
6120,0,2,0.017307741834803284,0.42237233173994143,0.5603199264252552
6121,0,2,0.128787496346645,0.06259017838895227,0.8086223252644028
6122,1,2,0.290329777821378,0.21126120071774526,0.4984090214608766
6123,1,0,0.8089406264660779,0.1733459684922853,0.0177134050416368
6124,2,2,0.0006099545683708966,3.6330144947163084e-09,0.9993900417986147
6125,0,2,0.002647670810778531,0.16213799431004444,0.8352143348791771
6126,1,1,0.17830528246204785,0.812211792050391,0.00948292548756114
6127,0,0,0.483948002125308,0.11447129982607235,0.4015806980486197
6128,2,2,0.018463307168046856,0.008516959923431504,0.9730197329085216
6129,2,2,0.0123903854699486,0.0012472454533890647,0.9863623690766623
6130,0,2,6.778125563174195e-08,0.046550660879317696,0.9534492713394266
6131,2,2,0.0066705417923808704,0.10698442571709722,0.8863450324905219
6132,0,0,0.8121264797629758,0.09536450107070937,0.0925090191663148
6133,1,2,0.016414921771014262,0.0029719237299930903,0.9806131544989926
6134,1,0,0.5437259835933479,0.183195939961002,0.27307807644565
6135,0,2,0.04988668576450621,0.002821310382144538,0.9472920038533491
6136,2,2,0.1522908883710968,0.1357420198285849,0.7119670918003183
6137,2,2,0.014191767208765487,0.08007028848534456,0.9057379443058898
6138,2,1,0.09400991908570734,0.6689071922525532,0.23708288866173938
6139,0,2,6.0785053908977287e-05,0.06898012497987184,0.9309590899662191
6140,0,0,0.894722020200947,0.10240816982757685,0.0028698099714760494
6141,2,0,0.7378967098397212,0.247339281553243,0.014764008607035842
6142,0,1,0.36808839676850647,0.6318895474513189,2.2055780174792142e-05
6143,1,2,6.603821676039653e-05,1.200330528474855e-09,0.9999339605829091
6144,1,2,0.07381091833894701,0.11514933409119686,0.8110397475698561
6145,1,2,0.3118630759196286,0.28426782501851655,0.40386909906185486
6146,0,1,0.19691243053443377,0.669289882805266,0.13379768666030023
6147,2,0,0.4319357624186762,0.4099355804351123,0.15812865714621144
6148,1,2,0.4427702394776068,0.04609994637730776,0.5111298141450854
6149,1,0,0.7853854630307303,0.19908365808295905,0.015530878886310502
6150,0,0,0.8472245915314808,0.0002247211331141656,0.15255068733540514
6151,0,2,0.041782749093893665,0.08073292605682938,0.8774843248492769
6152,1,2,5.2454652431742894e-08,0.0025032990907118773,0.9974966484546357
6153,0,2,0.43650924115633627,0.1247259490474948,0.43876480979616883
6154,1,1,0.21426383689882403,0.5449603322785566,0.24077583082261939
6155,0,2,0.1458428331584668,0.3164622575627663,0.5376949092787668
6156,2,2,0.10455626275299815,0.1459169577655721,0.7495267794814298
6157,2,0,0.6032070240085057,0.30567968257140726,0.09111329342008703
6158,0,0,0.9659837357906174,0.017730843778293853,0.016285420431088684
6159,2,2,0.3102432916754329,0.08834103732349301,0.6014156710010742
6160,0,2,0.3577925598820346,0.0390803313401882,0.6031271087777771
6161,0,0,0.8359373776690113,0.002191997403376469,0.1618706249276122
6162,2,1,0.10706513110846845,0.5668294840506983,0.3261053848408333
6163,2,1,0.0007399206752601558,0.9971023634139824,0.0021577159107575537
6164,2,0,0.5406159815360956,0.4146894074676408,0.044694610996263644
6165,2,2,0.06484135742657007,0.04513945090290237,0.8900191916705277
6166,2,2,0.3177157840534537,0.10523505510175227,0.5770491608447941
6167,2,2,2.4917041086030347e-07,7.346061585719696e-07,0.9999990162234306
6168,2,2,0.22554094621843446,0.09863578510948932,0.6758232686720762
6169,2,2,0.00030052835367659224,0.09644748092067965,0.9032519907256437
6170,0,0,0.8960122191057299,0.10362677316859618,0.000361007725673832
6171,0,2,0.009237922739915421,0.46799982526130957,0.5227622519987751
6172,2,2,2.1955569489552007e-09,7.416647083486999e-16,0.9999999978044423
6173,2,0,0.6059013598989719,0.349980653369096,0.04411798673193217
6174,2,2,0.3450521409541319,0.137653316101109,0.5172945429447591
6175,2,2,0.20983351707963763,0.12533242083025792,0.6648340620901044
6176,1,1,0.23246392565597251,0.45292067009935516,0.3146154042446723
6177,1,2,0.21775242389416263,0.038252318999267426,0.74399525710657
6178,0,0,0.7014874873810905,0.09007673062213103,0.20843578199677856
6179,1,2,0.22033118096209575,0.1663398924100723,0.6133289266278319
6180,2,2,0.005313646060310619,0.061776385370036685,0.9329099685696528
6181,2,2,0.001486493143244771,0.044552827401516996,0.9539606794552382
6182,0,2,0.37484999655252627,0.10125498713430059,0.5238950163131731
6183,2,2,0.3474791214482501,0.2950309980740009,0.3574898804777491
6184,0,1,0.19863212446192985,0.7163204271474273,0.08504744839064303
6185,2,2,0.007656748635939699,0.14689705847025408,0.8454461928938063
6186,1,0,0.9999999999673246,3.226814770207547e-11,4.0732133597984614e-13
6187,0,2,0.007366073059347776,0.0096316195275561,0.9830023074130961
6188,2,2,0.00038716047470078053,0.02928744672512719,0.9703253928001719
6189,0,0,0.7677464127165979,0.10183687832406117,0.1304167089593409
6190,2,2,0.007130810965844213,0.13633503790284182,0.856534151131314
6191,2,2,1.2299761619159066e-07,0.3772592165644376,0.6227406604379462
6192,2,0,0.8671598637940793,0.040851053645561713,0.091989082560359
6193,2,2,0.11386684480122744,0.2207922724792246,0.6653408827195479
6194,2,2,6.99429509512284e-10,2.4549182383094336e-08,0.9999999747513881
6195,2,2,0.13104216875775918,0.2209217364806168,0.648036094761624
6196,2,2,0.004995784975095016,0.054138219150324865,0.94086599587458
6197,0,0,0.7903931967765742,0.153765249813966,0.05584155340945985
6198,2,2,0.153414231867798,0.14508005390486525,0.7015057142273368
6199,2,2,0.0003706657986795332,0.018497208478136174,0.9811321257231842
6200,1,0,0.9483905746748511,0.02155436421116635,0.03005506111398232
6201,0,2,0.2356363437398807,0.28342596404501597,0.48093769221510346
6202,0,0,0.9999986246508905,9.409280661951826e-07,4.3442104341576657e-07
6203,0,2,0.39919146012532003,0.18648688696748886,0.4143216529071911
6204,2,1,0.3378500574343715,0.5588669436767968,0.10328299888883172
6205,0,0,0.5085169166885971,0.3701294069248855,0.12135367638651745
6206,2,0,0.40162903783404186,0.34509701973778467,0.25327394242817364
6207,2,2,0.0422039948758296,0.028606203020892364,0.9291898021032782
6208,2,0,0.5310143609707368,0.43797676796039486,0.031008871068868214
6209,1,2,0.06912910218575358,0.15146791414891989,0.7794029836653267
6210,2,2,0.057226146233851326,0.00014905730216584767,0.9426247964639828
6211,2,2,0.007555282630729139,1.9860109338197423e-06,0.9924427313583372
6212,2,0,0.9617877489040992,0.03736188204503366,0.0008503690508670649
6213,0,2,0.090877552632977,0.11570197340285095,0.793420473964172
6214,2,1,0.3246295965740869,0.5973876534532878,0.07798274997262523
6215,1,1,0.14052645616969975,0.4426257889713381,0.41684775485896225
6216,0,2,0.17645938399576166,0.1535312755404526,0.6700093404637857
6217,0,2,0.21411429175541433,0.02249847390575464,0.7633872343388309
6218,2,2,0.14406114392195227,0.3400758210257318,0.5158630350523159
6219,0,0,0.6597007539480084,0.3148241173837279,0.025475128668263763
6220,2,2,0.00039257342242483145,0.004210207596969513,0.9953972189806055
6221,1,0,0.8858921355719098,0.004544560963201108,0.10956330346488898
6222,2,2,0.08775045804386282,0.19145160824463417,0.720797933711503
6223,2,2,0.32267510658230564,0.04781832056990115,0.6295065728477932
6224,2,2,0.0406556655340497,0.34330282424461905,0.6160415102213314
6225,2,2,0.008762966078639176,0.060440816798183215,0.9307962171231776
6226,0,1,0.3138863879240008,0.41989493526782695,0.2662186768081722
6227,1,0,0.6556460397366277,0.22750125646027503,0.11685270380309716
6228,0,0,0.4805316077225712,0.38417037126307907,0.13529802101434976
6229,2,2,5.560958493459648e-06,0.14299506245134916,0.8569993765901573
6230,2,0,0.8684227664705075,0.13135271893957426,0.00022451458991825824
6231,2,2,0.0059630037957402755,0.007177232776607328,0.9868597634276524
6232,2,2,0.0583060876953176,0.12595182518754255,0.8157420871171399
6233,2,0,0.9999860749195969,4.547379042820418e-07,1.3470342498831527e-05
6234,2,0,0.8695144913502167,0.011865337094196517,0.11862017155558661
6235,2,2,3.155399112731874e-05,0.013907179372738906,0.9860612666361339
6236,2,2,0.03090908652042425,0.06425136447464945,0.9048395490049262
6237,0,2,0.2351310026268957,0.06542715465265567,0.6994418427204487
6238,2,2,0.008467847871025398,0.2408719381141372,0.7506602140148374
6239,2,2,0.00026402675557837384,0.030712409672317656,0.9690235635721041
6240,1,1,0.18131669513229443,0.5446971145420048,0.2739861903257008
6241,1,1,0.12569088287216373,0.7996896864831339,0.07461943064470246
6242,2,1,0.21386223307587968,0.4350174667884104,0.3511203001357099
6243,1,2,0.3993219007950358,1.6290983850338747e-06,0.6006764701065791
6244,2,2,0.0034137554308389844,0.0024139595512125377,0.9941722850179485
6245,2,2,0.015586923795356753,0.00020269583640254696,0.9842103803682406
6246,2,0,0.41579416530858476,0.35792054717650146,0.22628528751491372
6247,2,2,8.213357336738118e-10,0.0002504177548717289,0.9997495814237924
6248,2,0,0.4983050185618061,0.11365647259636984,0.388038508841824
6249,2,0,0.5545593356712732,0.2226193172919908,0.22282134703673592
6250,0,0,0.997865308735501,0.0019774446023217234,0.00015724666217729853
6251,0,2,1.0888782006852453e-05,0.00015242376126130231,0.9998366874567318
6252,2,2,0.004483752296799773,0.02971379096555176,0.9658024567376485
6253,2,1,0.3266303613752477,0.4064083494979797,0.2669612891267726
6254,1,0,0.6716805468605267,0.023721008692615824,0.30459844444685746
6255,0,2,0.006813981629888754,0.015179730082798992,0.9780062882873123
6256,1,1,0.002030103353939401,0.9320642954646753,0.06590560118138528
6257,2,2,0.0008454631262364389,0.0012419544985098915,0.9979125823752538
6258,2,1,0.3585287065346399,0.5448514894849789,0.09661980398038122
6259,0,0,0.697587455949753,0.19334654325071704,0.10906600079952995
6260,1,0,0.45654219689055475,0.2931063046040104,0.25035149850543487
6261,0,0,0.3874698040836596,0.3202542133148403,0.2922759826015002
6262,0,0,0.9999966318614207,9.212125141394716e-07,2.446926065155825e-06
6263,1,2,7.445877987698676e-05,0.002002482267735261,0.9979230589523878
6264,0,2,7.841489659684534e-05,0.013835867935274587,0.9860857171681287
6265,1,2,0.24335112963172542,0.047452552708986996,0.7091963176592875
6266,2,0,0.999995671402159,4.203187520117319e-06,1.254103207692017e-07
6267,0,1,0.32056743419821243,0.4119857578249491,0.26744680797683856
6268,0,2,0.006606306841090458,0.03714074377497163,0.9562529493839378
6269,2,1,0.0031412089177513267,0.9689511925159106,0.027907598566338055
6270,2,1,0.2545929879758905,0.5505864863822093,0.1948205256419003
6271,2,2,0.35224384099767203,0.11114274585514981,0.5366134131471781
6272,0,0,0.635170310905247,0.2244432157210812,0.14038647337367186
6273,2,0,0.9998613243940739,4.23058840341511e-07,0.00013825254708582497
6274,1,0,0.6289564779899595,0.3490076173065385,0.022035904703502057
6275,2,2,0.034672204879444904,0.3331893552886778,0.6321384398318772
6276,2,2,0.13065864763836768,0.0711333580849881,0.7982079942766444
6277,1,0,0.8794709460412852,0.10687031708842211,0.013658736870292853
6278,2,2,0.02926446496034361,0.0998239252677591,0.8709116097718974
6279,2,2,0.010395880572582132,0.013855982824152048,0.9757481366032659
6280,0,1,0.3135125380015619,0.4712182670833048,0.21526919491513336
6281,2,2,0.010993606528069666,0.013663451789591583,0.9753429416823388
6282,1,2,0.2589161355740727,0.1390175486567166,0.6020663157692107
6283,0,0,0.5410405972979454,0.01763483285256526,0.4413245698494893
6284,2,1,0.01367919978137677,0.5721757051320016,0.4141450950866217
6285,1,1,0.059134086697714056,0.7359044292931461,0.20496148400913974
6286,0,2,0.015411536933070014,0.08504079234649405,0.8995476707204361
6287,1,0,0.8100375815894739,0.15015107057073412,0.03981134783979194
6288,2,2,2.3822408747388587e-05,0.25484519208640266,0.74513098550485
6289,2,0,0.5421266610226299,0.1107656596623453,0.3471076793150248
6290,2,2,0.08422712153874339,6.59017409764955e-05,0.9157069767202801
6291,2,2,0.26033834561344465,0.13649502723400397,0.6031666271525514
6292,0,0,0.637917576015832,0.09339321745840685,0.2686892065257611
6293,0,2,0.38487622279253714,0.15493329057015792,0.46019048663730505
6294,0,2,0.000411791412320746,3.939267224720036e-05,0.9995488159154321
6295,1,2,9.328549793265737e-18,1.05275529127054e-12,0.9999999999989473
6296,1,1,0.2620688693455643,0.457819953633856,0.2801111770205798
6297,2,0,0.7282515006784809,0.22603494726321527,0.0457135520583038
6298,1,2,0.3612725283349709,0.16375141002641888,0.4749760616386102
6299,1,2,0.028156051218518562,0.03030381604466883,0.9415401327368126
6300,2,2,0.13803784025546276,0.012782824922675204,0.8491793348218619
6301,1,0,0.5413644520284081,0.17161632882397773,0.2870192191476142
6302,2,2,0.1846135021293854,0.0749003394375682,0.7404861584330463
6303,2,2,7.314022179852768e-15,7.92088628098242e-12,0.9999999999920719
6304,2,2,0.06478380907098294,0.05610119738164025,0.8791149935473769
6305,2,0,0.9244185087261361,0.06769030482284312,0.007891186451020698
6306,2,0,0.9087138385809941,0.09124456826818902,4.159315081680462e-05
6307,1,0,0.585858874194872,0.22433363555347502,0.1898074902516529
6308,2,2,0.21836667755991268,0.19738160232992305,0.5842517201101642
6309,2,2,0.0002500733466405509,0.10908117917779443,0.890668747475565
6310,2,2,0.2826095290504667,0.14703499100174408,0.5703554799477892
6311,1,2,0.08336495233268917,0.32623612140137626,0.5903989262659345
6312,2,2,0.007426590042892022,0.002916232443639964,0.9896571775134679
6313,1,0,0.9999986330065644,1.4120442537093463e-07,1.225789010122982e-06
6314,2,1,4.851900202562608e-05,0.9835111094183546,0.016440371579619646
6315,2,2,0.013299802443090206,0.003922600867623822,0.9827775966892859
6316,2,1,0.13822978259659208,0.7814156312591032,0.08035458614430475
6317,2,2,0.34483742050581323,0.060225741943827106,0.5949368375503596
6318,0,0,0.49060516525260894,0.2722855094824033,0.23710932526498774
6319,1,0,0.8991697246185971,0.10026886589161636,0.0005614094897864099
6320,2,2,0.018138981192726986,0.2685211834080236,0.7133398353992494
6321,2,2,3.931095924321141e-05,0.00010369047681817521,0.9998569985639385
6322,0,1,0.004598907385281139,0.842299543556751,0.1531015490579681
6323,1,0,0.8771341518468301,0.09139658272892137,0.031469265424248494
6324,0,2,0.2060796982203305,0.25412583351754353,0.539794468262126
6325,0,2,0.26234883676288523,1.200564150784693e-06,0.7376499626729639
6326,2,0,0.9595104596201139,0.03098746089597208,0.009502079483913975
6327,2,2,0.04852575400169178,0.008262254641903655,0.9432119913564047
6328,1,2,0.01938515999853787,0.16244103947097446,0.8181738005304877
6329,0,2,0.025186304003194014,0.07303424931598437,0.9017794466808216
6330,2,1,0.00024065204499396526,0.5920624436846765,0.4076969042703295
6331,2,2,0.05229867526254622,0.23295888387646568,0.714742440860988
6332,0,1,0.24460237311133998,0.5407649267215794,0.21463270016708058
6333,2,0,0.7011159668202096,0.24510954327437443,0.053774489905415924
6334,2,0,0.5924517035135123,0.091608964640604,0.31593933184588363
6335,1,2,0.1250629914028202,0.1007032460857224,0.7742337625114573
6336,1,1,0.018068017146124073,0.8396719443743019,0.14226003847957416
6337,2,0,0.4285472901963368,0.2811268121891729,0.2903258976144902
6338,0,2,0.003105699376937309,0.0007736682220064066,0.9961206324010562
6339,2,0,0.6288816670970111,0.022876587973459792,0.3482417449295292
6340,1,2,0.25038423162498386,0.24824090762027906,0.501374860754737
6341,2,2,0.008782604456907858,0.000327604474804631,0.9908897910682876
6342,0,2,0.1312254908279219,0.30517021085209767,0.5636042983199805
6343,1,0,0.9216740120495934,0.07824347902175846,8.250892864807698e-05
6344,2,2,0.06281118003996818,0.07506881282532096,0.8621200071347109
6345,2,2,0.19884204201685166,0.06791956132647917,0.7332383966566691
6346,2,2,0.0018383437464773902,0.04074412674295224,0.9574175295105705
6347,0,0,0.7320155839194775,0.24577840762351916,0.02220600845700341
6348,2,2,0.00021923984009142997,0.02679989950186319,0.9729808606580453
6349,2,2,0.0017878728373775825,0.1614543265023964,0.836757800660226
6350,2,1,1.4836130353230853e-06,0.8171771750840363,0.18282134130292835
6351,0,0,0.5601344593259592,0.42106187306217946,0.018803667611861394
6352,2,2,0.10338950136467165,0.07233487858671533,0.824275620048613
6353,0,0,0.5581153438024201,0.18039966459152298,0.26148499160605687
6354,2,2,1.1932982487806754e-06,0.237688799970016,0.7623100067317352
6355,0,0,0.9999999561492025,4.3845463959320524e-08,5.333421641689046e-12
6356,2,2,0.13010139133873824,0.27765865979813886,0.5922399488631229
6357,0,0,0.9445657598305506,0.01220352912089857,0.04323071104855083
6358,0,1,0.2449738897217551,0.6044903328713176,0.15053577740692736
6359,0,0,0.47869204157917516,0.378723787202959,0.14258417121786587
6360,1,0,0.4225203168309431,0.37880490769302155,0.19867477547603532
6361,1,2,0.006134571054621234,0.13378675291815026,0.8600786760272284
6362,2,2,0.05048094138281503,0.40805925229948287,0.5414598063177021
6363,2,2,0.02918259169739126,0.03855040908544025,0.9322669992171685
6364,0,0,0.8559926584118684,0.14400674360357865,5.979845530109325e-07
6365,0,2,0.08518501116703113,0.4112193385750978,0.5035956502578711
6366,1,2,0.11061840743673008,0.1532448950506589,0.736136697512611
6367,2,0,0.5802742110088788,0.37231854850808516,0.047407240483036094
6368,2,2,0.009132813550152202,0.08046408247076177,0.9104031039790861
6369,2,0,0.5120884790929334,0.12486216554690856,0.3630493553601581
6370,2,1,0.038875270935212904,0.6110222934562898,0.35010243560849735
6371,1,0,0.9794280544989687,0.0205717672813554,1.7821967579380855e-07
6372,2,2,0.027818133931629064,0.19423061881169193,0.777951247256679
6373,2,2,0.13673878202710912,0.19300683809633737,0.6702543798765535
6374,2,2,0.15347160325205134,0.05819373417530604,0.7883346625726426
6375,2,2,0.05524169436252735,0.14562286922662027,0.7991354364108524
6376,1,1,0.29473249689408254,0.7052458715038541,2.1631602063406657e-05
6377,1,0,0.6095258247336913,0.31501870207521393,0.07545547319109462
6378,1,2,0.1121150254092394,0.13416519351653558,0.753719781074225
6379,2,2,0.03778973376930443,0.14674958335137672,0.8154606828793188
6380,0,1,0.09572171465402259,0.9016799079988608,0.002598377347116673
6381,1,2,0.0030022187793203097,0.2579847079558236,0.7390130732648561
6382,2,0,0.7596750840238787,0.17892238278059902,0.061402533195522246
6383,1,0,0.9337382841755969,0.057518919804870575,0.00874279601953247
6384,0,1,0.42336658967710994,0.5127670268318392,0.06386638349105077
6385,2,2,0.0007279765563263333,0.002867762821977283,0.9964042606216964
6386,0,2,0.0023573536828351764,0.18215783259575463,0.8154848137214102
6387,1,2,0.0033574525767306454,0.04225224432673062,0.9543903030965387
6388,0,2,0.174733217437868,0.09665563012596107,0.7286111524361708
6389,1,2,0.04958283179019371,0.267641307225391,0.6827758609844153
6390,2,1,0.12712817409130345,0.47741882453806495,0.3954530013706316
6391,0,1,0.031332674299642836,0.9398658083338692,0.028801517366487978
6392,1,2,0.17041630890436607,0.3077485904374488,0.5218351006581852
6393,0,0,0.39544809141152093,0.39338410372576516,0.211167804862714
6394,1,1,1.6036891287487577e-13,0.9998560589305273,0.00014394106931232302
6395,1,2,0.24187219089177825,0.24234653378114937,0.5157812753270724
6396,0,0,0.9478252551075967,0.049930914187584496,0.002243830704818777
6397,2,2,0.039390040413362776,0.09537082863792894,0.8652391309487084
6398,1,2,0.0999232169782521,0.08091286245122656,0.8191639205705213
6399,2,1,0.25124487382990635,0.7487513214883501,3.804681743634703e-06
6400,0,0,0.880443834173499,0.11841512938088931,0.001141036445611588
6401,1,0,0.9677752646854957,0.0013646979460720731,0.030860037368432357
6402,2,1,0.3314469207907708,0.5385197503655078,0.13003332884372137
6403,1,2,0.3907801747132814,0.11972351073156161,0.48949631455515696
6404,1,1,0.036072045808097926,0.5618234999502826,0.40210445424161956
6405,2,2,0.07372389823230895,0.3570444665317112,0.5692316352359799
6406,2,2,0.011927389789619786,0.010175880581903865,0.9778967296284764
6407,2,2,0.005930411803995341,0.023813580489105073,0.9702560077068997
6408,0,1,0.32146923201998956,0.4832520579758149,0.19527871000419564
6409,2,0,0.483430729781743,0.36118720734906046,0.15538206286919648
6410,0,0,0.8366762263413411,0.1608842839589022,0.00243948969975657
6411,0,0,0.4144747156853656,0.20146538130633945,0.384059903008295
6412,2,2,0.007449943182010719,0.16871291846048464,0.8238371383575047
6413,2,2,0.20710675721109564,0.011131718890058642,0.7817615238988457
6414,1,0,0.9995034368223031,0.0004947988272063677,1.7643504904757057e-06
6415,0,0,0.9847940335204544,0.011484673246874895,0.003721293232670605
6416,2,1,0.08762032952125366,0.6430063143095572,0.26937335616918917
6417,0,1,0.08360122967977077,0.8664459523083555,0.04995281801187368
6418,0,0,0.5556209872347233,0.20215793849102884,0.24222107427424786
6419,2,2,0.2027399065491589,0.16433181053964951,0.6329282829111916
6420,2,1,0.13770652681855763,0.8521314759448679,0.010161997236574474
6421,0,0,0.452507536936564,0.14211023898400574,0.40538222407943036
6422,2,2,0.09786746241212602,0.0352037537050756,0.8669287838827984
6423,2,2,0.013134861625572074,0.05381089063313045,0.9330542477412974
6424,1,0,0.3801684949772975,0.37809612864969633,0.24173537637300627
6425,1,2,0.15944167137055415,0.25124721494709246,0.5893111136823534
6426,2,2,0.058720726270867184,0.2146710522221249,0.726608221507008
6427,0,0,0.7745387802532545,0.22416765824894946,0.0012935614977959897
6428,2,0,0.9791503131395458,0.006466859663970948,0.014382827196483225
6429,1,0,0.5458050460617598,0.27649119734822847,0.1777037565900117
6430,1,1,0.2656492638775411,0.5469331357606897,0.18741760036176922
6431,2,0,0.714705590305682,0.11926233604157865,0.16603207365273936
6432,0,0,0.5364420329438931,0.16605475254243465,0.29750321451367207
6433,0,1,0.4141078336012051,0.5850463963584949,0.0008457700402999052
6434,1,2,0.0926805431971706,0.23584529485429126,0.6714741619485382
6435,1,1,0.2099667863964306,0.7389397354054675,0.05109347819810186
6436,2,2,0.11390669271296328,0.1401541527358832,0.7459391545511536
6437,1,2,0.2087154261678539,0.1386023251166297,0.6526822487155165
6438,2,2,0.2670185041796089,0.26927573722056425,0.4637057585998268
6439,0,0,0.7694556217540556,0.20626490677068873,0.02427947147525573
6440,2,2,0.0029016469648678422,0.06104825770726481,0.9360500953278673
6441,2,2,5.035767077192357e-05,0.016080507394183582,0.9838691349350445
6442,2,2,0.013141515100068567,0.018570692085832858,0.9682877928140985
6443,2,0,0.9041819936680714,0.09581619095219863,1.815379730000396e-06
6444,0,2,0.01696159098774833,0.03854044554824625,0.9444979634640054
6445,2,2,0.238225114936633,0.23804876020411048,0.5237261248592565
6446,1,2,0.041180119184949654,0.1284674962848271,0.8303523845302233
6447,0,2,0.09527424416537812,0.29235115460810024,0.6123746012265217
6448,1,2,0.037221489753029316,0.07118770515062392,0.8915908050963468
6449,1,0,0.4037506425698902,0.20454743813370632,0.39170191929640347
6450,0,2,2.9186748276705882e-08,0.1479304513804408,0.852069519432811
6451,2,2,0.11594876181554867,0.10927306525908409,0.7747781729253673
6452,1,0,0.9990428328990602,0.0009571622113607144,4.889578977756232e-09
6453,2,2,0.0021012029929169973,0.08606087206878443,0.9118379249382985
6454,1,2,0.11942007559120654,0.2806231258779555,0.5999567985308379
6455,0,0,0.5454546037636593,0.33490277843242644,0.11964261780391433
6456,0,2,0.04587828012489918,0.17805576718606744,0.7760659526890333
6457,2,2,0.13995323304371257,0.07861867401355786,0.7814280929427296
6458,0,0,0.7492535583639262,0.07001087216960539,0.18073556946646852
6459,1,2,0.0037421419460887183,0.034974671863386715,0.9612831861905246
6460,0,0,0.7831268245212417,0.026337481854718413,0.19053569362403985
6461,0,0,0.6833918456724707,0.18875335572632446,0.12785479860120477
6462,0,0,0.8882872954189476,0.034252073463237866,0.0774606311178147
6463,1,2,0.0005886381788211531,0.03341849860757951,0.9659928632135993
6464,2,1,0.22288376944071805,0.6003208855273334,0.1767953450319485
6465,0,1,0.3506907420685577,0.5987636192002053,0.05054563873123703
6466,0,1,0.21761735305786195,0.4080699427752473,0.37431270416689083
6467,2,2,0.2737000308329341,0.08970881593921402,0.636591153227852
6468,2,0,0.9999963088692957,3.5361151177027663e-06,1.5501558654418362e-07
6469,0,0,0.9860086068258155,0.013991357088761197,3.608542331794815e-08
6470,2,2,0.004219801431761285,0.06363033608147098,0.9321498624867677
6471,0,1,0.12641854922762,0.700681021440856,0.17290042933152394
6472,2,0,0.4470628126114183,0.15367576867201385,0.3992614187165679
6473,1,0,0.6572879906617057,0.28208271990957867,0.06062928942871564
6474,0,2,0.12138267359050438,0.37653341166494414,0.5020839147445515
6475,0,2,0.06361380683064298,0.3956575620066516,0.5407286311627054
6476,2,2,0.12023724768874954,0.2467383755238068,0.6330243767874436
6477,1,0,0.6655706946437758,0.07214033975257995,0.26228896560364423
6478,0,2,0.04349453744507494,0.037450449851093366,0.9190550127038316
6479,0,0,0.9999987402411319,1.2457121506408042e-06,1.4046717342735903e-08
6480,0,0,0.44707682937244,0.35245548342656957,0.2004676872009905
6481,1,0,0.8964850571503933,0.0736069624760456,0.029907980373561113
6482,1,2,0.235929211811786,0.08360540020140012,0.6804653879868138
6483,0,0,0.8507637576663817,0.07901147882054857,0.07022476351306971
6484,0,1,0.0029861227249108205,0.699039141233706,0.2979747360413832
6485,2,0,0.4756166586373504,0.1707943866184398,0.3535889547442097
6486,1,2,0.199453167843815,0.3485735911164368,0.45197324103974806
6487,2,2,0.08569585847256274,0.26118181687560305,0.6531223246518342
6488,2,2,5.050402292135519e-07,0.08994894740848719,0.9100505475512837
6489,0,2,0.300192619642448,0.07956688898073597,0.620240491376816
6490,0,1,0.00958613303675742,0.8282826349061564,0.16213123205708627
6491,0,1,0.11482218202590036,0.7621782082676023,0.12299960970649734
6492,2,2,0.029625985666271865,0.07118203065993611,0.8991919836737919
6493,1,0,0.9637010952732373,0.007819354044305855,0.028479550682456816
6494,0,0,0.7276421582615765,0.10761204546994542,0.16474579626847796
6495,0,2,0.2010488813452257,0.19738625599239412,0.6015648626623802
6496,0,0,0.7586019477964758,0.2413428849387851,5.5167264739142964e-05
6497,0,0,0.8160528906781898,0.16869786176496226,0.015249247556847959
6498,2,2,0.017004639719013077,0.1525680895884079,0.8304272706925789
6499,0,2,5.536331483190293e-06,0.05259855849396905,0.9473959051745479
6500,2,2,0.02491564317838581,0.29958694008413844,0.6754974167374757
6501,1,2,0.04911865306548826,0.02833077291183817,0.9225505740226735
6502,1,2,0.05166120669583167,0.2800575905194656,0.6682812027847027
6503,1,0,0.5315836316107326,0.3882177826967353,0.08019858569253197
6504,2,1,0.2652999386299199,0.38267103490089593,0.35202902646918416
6505,0,2,0.010677322798107639,0.11809114337844072,0.8712315338234516
6506,1,1,0.01660033491589983,0.9493404337247449,0.0340592313593552
6507,2,2,0.08481768437404345,0.27414857981745044,0.6410337358085061
6508,2,2,0.002386839899868964,0.033952028461559855,0.9636611316385713
6509,2,2,0.09863003765365493,0.3557887477362035,0.5455812146101415
6510,0,0,0.7791386999501857,0.22086008161119153,1.2184386228556796e-06
6511,0,2,0.028881000518196313,0.16115280104724827,0.8099661984345554
6512,2,2,0.09517688028047505,0.3273294416562483,0.5774936780632768
6513,0,2,0.27432435372188174,0.1494012830398546,0.5762743632382638
6514,1,2,0.017231753303640344,0.123782549006911,0.8589856976894487
6515,0,0,0.97278368313303,0.027216307830418184,9.036551721811568e-09
6516,2,2,0.033577816145920744,0.04840468395501163,0.9180174998990677
6517,0,2,0.41436886198251277,0.10987900121191753,0.4757521368055699
6518,2,0,0.4629799284104484,0.3538310501140442,0.18318902147550736
6519,0,1,3.221109664080928e-09,0.7713964570413717,0.22860353973751862
6520,2,2,0.1940358432318804,0.03300998807424895,0.7729541686938707
6521,2,2,0.10552294670136066,0.12023858996564009,0.7742384633329993
6522,1,0,0.9936480989402396,0.0003239923280314722,0.006027908731728897
6523,2,0,0.6451544010947551,0.06887258448279276,0.28597301442245215
6524,1,2,0.013085802996291083,0.024307409479633266,0.9626067875240757
6525,2,0,0.9999983458701652,1.6461437386136028e-06,7.986096191182907e-09
6526,1,2,0.13076381275180268,0.043678164213578376,0.8255580230346189
6527,1,2,0.04605517332966624,0.1711211883350629,0.7828236383352708
6528,2,0,0.4102820352309133,0.3157887525133045,0.2739292122557821
6529,2,0,0.9561298248638753,0.012071450063661919,0.03179872507246267
6530,0,0,0.46805197761304623,0.22408441243056076,0.30786360995639295
6531,1,1,0.02847760235032631,0.9701999624244858,0.0013224352251877602
6532,0,2,0.12362241292131898,0.01474853373451362,0.8616290533441674
6533,0,0,0.7274577286095969,0.2702930117643652,0.002249259626038022
6534,1,0,0.6577416127140898,0.24332844389427377,0.0989299433916365
6535,2,1,0.2594563190682132,0.5150051709290554,0.22553851000273142
6536,2,2,0.02459275520886583,0.1800100753207164,0.7953971694704179
6537,2,1,3.0448529000017745e-05,0.9998290769909066,0.00014047448009329056
6538,2,2,0.009212213169922236,0.131805652113626,0.8589821347164517
6539,0,2,3.6902280041368896e-06,0.06389623383701463,0.9361000759349812
6540,1,1,0.24217206260859064,0.467904051951159,0.2899238854402505
6541,0,0,0.7024124251382444,0.22915801953764992,0.0684295553241058
6542,2,1,0.32518906321531493,0.5662954469112043,0.10851548987348075
6543,2,2,0.38167267057049753,0.12102622724768672,0.4973011021818157
6544,2,2,0.020037584480412193,0.046619078811675346,0.9333433367079124
6545,0,2,0.4041494997260623,0.07883476398938025,0.5170157362845574
6546,0,0,0.5437414216474736,0.2833809514584461,0.17287762689408032
6547,2,0,0.9999816799217297,1.831967917209869e-05,3.990980263740775e-10
6548,0,0,0.7749265331148888,0.1810611625646454,0.04401230432046583
6549,2,0,0.9999986833425066,1.3152190414149986e-06,1.438451999562317e-09
6550,1,0,0.4225330932069065,0.3310624183405251,0.24640448845256843
6551,1,2,0.11631265338125446,0.3233779738021387,0.560309372816607
6552,2,0,0.6584858501792556,0.21800734069208327,0.12350680912866116
6553,2,2,0.19181152098941145,0.1519357261174086,0.65625275289318
6554,2,2,0.0015812526220353982,0.027514855156740844,0.9709038922212238
6555,1,2,0.04978176432181057,0.29049323433450835,0.6597250013436811
6556,1,1,0.2598674265384494,0.5733839100104812,0.1667486634510695
6557,2,2,0.3228447038811901,0.1580791756786458,0.5190761204401642
6558,0,1,0.000869143416475617,0.712081169200241,0.2870496873832835
6559,1,0,0.9983731964276268,0.0011537380472257865,0.000473065525147294
6560,2,2,0.00918705752009928,0.08567274949272173,0.9051401929871791
6561,1,2,0.45611626626132323,0.07442869792217448,0.4694550358165023
6562,0,0,0.5655215243742844,0.2714528116586994,0.16302566396701626
6563,2,2,2.236357414486094e-07,0.08269369900440715,0.9173060773598514
6564,1,2,0.27236831044618864,0.18718807345401497,0.5404436160997964
6565,2,2,0.32283932160196727,0.32424636619254527,0.35291431220548747
6566,1,0,0.9801854810294036,0.019446756666042515,0.00036776230455396006
6567,2,2,0.05083602250523991,0.020534551378894147,0.9286294261158661
6568,1,2,0.04371207319240631,0.06166602676251049,0.8946219000450832
6569,2,2,0.22046570791352116,0.17548441482737345,0.6040498772591054
6570,0,1,0.09024077817619895,0.7062356197337291,0.2035236020900721
6571,2,2,0.048529335920816305,0.12378404062720968,0.827686623451974
6572,0,0,0.9851515738459302,0.014848398834226662,2.7319843175710634e-08
6573,2,1,0.2175397088025342,0.42102324373553673,0.36143704746192895
6574,2,0,0.5489110940079776,0.13573737121984575,0.3153515347721767
6575,0,1,0.1411625402438817,0.7812123549947524,0.07762510476136598
6576,2,0,0.4384338560309196,0.2334250971503889,0.32814104681869144
6577,0,1,0.2799032248703715,0.624701947487461,0.09539482764216745
6578,2,2,0.057179463867914435,0.14350099914564768,0.7993195369864378
6579,1,1,0.0004896262362097346,0.9912963860618972,0.00821398770189317
6580,2,0,0.9824301257698309,0.0027834273074186,0.014786446922750496
6581,0,1,1.041138597689534e-06,0.8718611343648158,0.12813782449658656
6582,1,2,0.16765206291175114,0.2050100700809781,0.6273378670072708
6583,0,2,0.1446110856542471,0.30389112890393566,0.5514977854418173
6584,0,0,0.8109115392673996,0.17859964224812996,0.010488818484470403
6585,1,1,0.06307080117919024,0.5249333766315444,0.4119958221892654
6586,0,0,0.7411077493767138,0.25847025067030355,0.0004219999529826901
6587,1,2,1.0818634552451456e-05,0.11116913710093411,0.8888200442645133
6588,2,2,0.18575163817948792,0.3922084047696493,0.4220399570508628
6589,2,2,0.012473055659848036,0.025282512294044317,0.9622444320461077
6590,2,2,0.31117159619547585,0.33418957002421107,0.354638833780313
6591,1,2,0.10446373328510505,0.1838354791482676,0.7117007875666274
6592,1,2,0.3124280549775218,0.29328252534979943,0.39428941967267866
6593,2,2,0.02745635329743314,0.30157403105108754,0.6709696156514794
6594,0,0,0.5980912636307503,0.31202629378904295,0.08988244258020661
6595,0,0,0.5120787064326767,0.30118376368747896,0.18673752987984435
6596,0,0,0.7876478627221988,0.10976758955383498,0.10258454772396627
6597,2,0,0.6751516165948866,0.10917872039226054,0.21566966301285284
6598,2,2,0.0027058236555952096,0.009405897041661204,0.9878882793027436
6599,0,1,0.05132552855272755,0.5252053753632765,0.423469096083996
6600,2,2,0.027294760186529675,0.0884490250602345,0.8842562147532358
6601,2,0,0.996312806121975,0.0036871897750007927,4.103024308749329e-09
6602,0,0,0.784028726969299,0.14989252007837245,0.06607875295232865
6603,1,2,0.03800483799652454,0.3845175276033079,0.5774776344001675
6604,2,2,0.33480639720983657,0.15706911007009175,0.5081244927200717
6605,2,2,0.0028109067443711395,0.12429952614017874,0.8728895671154502
6606,0,2,9.139499715729468e-09,0.005105084508901624,0.9948949063515987
6607,2,0,0.5650104482403026,0.04118372555416913,0.39380582620552834
6608,0,1,0.3674157469871394,0.458852365061175,0.1737318879516856
6609,0,1,0.2872050033202164,0.48854136785585317,0.22425362882393032
6610,0,0,0.7608825693909105,0.1996438146128692,0.03947361599622041
6611,0,0,0.7441254414204346,0.22621571609680205,0.02965884248276329
6612,1,2,0.1734312810813025,0.08892661400170895,0.7376421049169885
6613,2,0,0.4759470076744924,0.08162085841781881,0.44243213390768865
6614,0,2,0.041760255994423554,0.42194949376349616,0.5362902502420803
6615,2,2,0.13407337492107874,0.21607678363529395,0.6498498414436273
6616,2,2,0.4371783427773234,0.0036646218869356433,0.559157035335741
6617,2,0,0.9996163680634867,0.00017878307607797968,0.00020484886043521962
6618,2,2,0.1935457449171321,0.17699067227950935,0.6294635828033585
6619,0,2,9.376735697422836e-05,0.12255382587065924,0.8773524067723666
6620,1,2,0.18233674630723629,0.16735161690323674,0.650311636789527
6621,0,2,0.08777440905120754,0.2563079657445421,0.6559176252042503
6622,2,2,0.00410224360128405,0.001619537536610251,0.9942782188621055
6623,2,0,0.9999886518541774,9.175487195255143e-06,2.172658627313728e-06
6624,2,2,0.020270805929780734,0.2150261439721728,0.7647030500980464
6625,0,0,0.4639775477294195,0.07476486669739546,0.4612575855731851
6626,2,2,0.19630558680244353,0.18747119319080827,0.6162232200067482
6627,2,1,0.0957087032133114,0.7618489279173828,0.14244236886930572
6628,2,2,0.469941808081526,0.05699661022938075,0.47306158168909324
6629,0,1,0.06359272104178826,0.6845075956346596,0.25189968332355217
6630,1,2,0.16998416547563153,0.24418052501971418,0.5858353095046543
6631,2,0,0.5068424155439061,0.3760505707898811,0.11710701366621275
6632,1,2,0.13303199564532156,0.24937610887567738,0.617591895479001
6633,1,1,0.12978873955826314,0.4797674588372692,0.3904438016044677
6634,2,2,0.020983746287716258,0.0017796626931244777,0.9772365910191593
6635,1,0,0.8460943967331235,0.15030620713235637,0.003599396134520126
6636,0,0,0.9768876218780637,0.02310842000153304,3.958120403427857e-06
6637,0,0,0.4976145817883867,0.35048746727514946,0.15189795093646388
6638,0,1,0.2610590590851955,0.5087122553229598,0.2302286855918447
6639,0,0,0.477323205916423,0.4672668226209578,0.05540997146261913
6640,2,2,0.0006425528126841067,0.01646560898584587,0.9828918382014701
6641,0,2,0.03150224340349786,0.17984187037820293,0.7886558862182993
6642,2,0,0.9844994926581303,0.015500462308220008,4.503364979383421e-08
6643,1,0,0.8688948251330276,0.1244177315903444,0.006687443276627932
6644,1,0,0.5792793838703558,0.38095101220162125,0.03976960392802295
6645,1,0,0.5320047993195339,0.34070934596458,0.12728585471588613
6646,2,2,0.004778854238383841,0.09439254615598924,0.9008285996056269
6647,1,0,0.38752027500906533,0.24675762590383948,0.3657220990870952
6648,2,2,0.055039200165837326,0.06900594817825591,0.8759548516559067
6649,2,2,0.016531150297144016,0.2488597503656209,0.7346090993372351
6650,2,2,0.11971407954278794,0.04409189395263258,0.8361940265045795
6651,0,1,0.061119393147867636,0.9060610540603186,0.032819552791813825
6652,2,1,0.2554823208470697,0.4924431461344613,0.25207453301846916
6653,1,0,0.6154854499086467,0.2784366060363088,0.1060779440550444
6654,0,0,0.4023040007901576,0.2739225028442302,0.3237734963656122
6655,0,1,0.0039741169038426845,0.9917710411353892,0.004254841960768161
6656,2,2,0.10610440782928296,0.029046321525262844,0.8648492706454542
6657,2,1,0.2752148032744947,0.3790406696362555,0.34574452708924985
6658,0,2,0.4715655909365883,0.04606114741926717,0.4823732616441446
6659,2,0,0.6565056313541499,0.2634032119498195,0.08009115669603072
6660,0,1,0.26662526021683547,0.6250639653206433,0.10831077446252106
6661,2,2,0.0001873268383208191,0.0006480327643213793,0.9991646403973579
6662,2,1,0.04515190403160931,0.6319006004850148,0.32294749548337576
6663,0,2,0.0004169078055261966,0.04773550378423847,0.9518475884102353
6664,2,2,1.9958201498220566e-06,0.04562999843039592,0.9543680057494542
6665,0,1,0.2091745523883185,0.4499119268433292,0.34091352076835235
6666,0,0,0.661792735978393,0.12144649337396944,0.21676077064763746
6667,2,2,0.013476066450715531,0.00890324145774589,0.9776206920915387
6668,2,2,0.06458311574651153,0.2677752693689609,0.6676416148845276
6669,2,1,5.5321876097996905e-05,0.7531359135291918,0.24680876459471002
6670,1,0,0.9729126045155613,0.012934370953767397,0.01415302453067119
6671,1,2,0.1821997577150185,0.12544426430869743,0.692355977976284
6672,1,0,0.9978239447454668,2.5453063913454327e-05,0.002150602190619741
6673,2,2,0.00014874472990667286,0.0019564517778036224,0.9978948034922897
6674,0,2,0.040413455578418626,0.15431626355988126,0.8052702808617002
6675,1,0,0.8962999869117259,0.022803453901113418,0.08089655918716072
6676,2,1,4.599600999003993e-09,0.5547600110268651,0.4452399843735339
6677,2,2,0.0004805605547763861,0.017157962958077137,0.9823614764871466
6678,2,2,0.0822777836773483,0.16828662252160476,0.749435593801047
6679,2,2,0.25734860838515594,0.23654016639505693,0.5061112252197871
6680,2,0,0.5277687836595013,0.281139826746607,0.1910913895938918
6681,2,2,0.12963796589589371,0.05845446786696365,0.8119075662371426
6682,0,2,2.0604318734780663e-05,0.04613899715075819,0.9538403985305071
6683,0,2,0.21495565054882307,0.04963736243622491,0.7354069870149521
6684,2,0,0.9452991428406176,0.0005748842641584038,0.05412597289522414
6685,2,2,3.8560209277455293e-29,1.367858709818761e-19,1.0
6686,0,1,0.19082049189769668,0.7572301371265795,0.05194937097572379
6687,0,0,0.4683657252497236,0.15696417205208177,0.3746701026981947
6688,1,2,2.4482174640397783e-07,0.002455602305671695,0.9975441528725818
6689,1,0,0.49666246668595293,0.16738872523518733,0.33594880807885963
6690,2,2,0.10523203656138717,0.00040410676047148504,0.8943638566781414
6691,0,1,0.1842263592662764,0.6272398802619027,0.1885337604718209
6692,1,0,0.4753772886532116,0.10440445274307739,0.4202182586037111
6693,2,2,0.08561933005932709,0.11143979776714238,0.8029408721735305
6694,2,0,0.46896374976467914,0.1298609503832621,0.4011752998520587
6695,2,1,2.4289221654404186e-05,0.954012152018602,0.04596355875974365
6696,1,2,0.014268906778039842,0.003904242596858142,0.9818268506251019
6697,2,0,0.9652935370260678,0.03454883453278657,0.0001576284411457101
6698,0,2,0.12348790117250959,0.2706019976055135,0.605910101221977
6699,2,0,0.6966564686902118,0.28809863059188323,0.015244900717904849
6700,0,2,0.040833862173999314,0.14314513532633738,0.8160210024996634
6701,0,0,0.94793763178426,0.006142527619929818,0.04591984059581014
6702,0,2,0.13165663955556375,0.0756599479719911,0.7926834124724451
