,Outcome,Prediction,ProbA,ProbD,ProbH
5508,0,2,0.3614233288393995,0.25982567348239144,0.3787509976782092
5509,1,2,0.04852777112728236,0.1349447897356774,0.8165274391370403
5510,1,2,0.19311945371851422,0.2377935063814288,0.569087039900057
5511,2,2,0.08083389892551032,0.17538156350616127,0.7437845375683284
5512,0,2,0.2301571224186046,0.2606806267556144,0.509162250825781
5513,2,2,0.08467578920036828,0.18434296684379006,0.7309812439558416
5514,0,2,0.2576812329249475,0.26736019028990554,0.474958576785147
5515,2,0,0.688746502333516,0.18152395230966545,0.12972954535681847
5516,2,2,0.1965577000477948,0.24997512246034378,0.5534671774918614
5517,0,2,0.1817341348638053,0.2369171421169841,0.5813487230192106
5518,2,2,0.239247339680586,0.24798933979609325,0.5127633205233207
5519,2,2,0.2477572752791415,0.2656556683329828,0.4865870563878757
5520,0,0,0.7822409249686105,0.13710783237607269,0.08065124265531688
5521,0,0,0.6659496692408028,0.1996582959053221,0.1343920348538751
5522,0,0,0.5031430816642909,0.2505191401786031,0.24633777815710595
5523,2,2,0.060714598173754686,0.15562449965440964,0.7836609021718358
5524,1,0,0.39664568658387145,0.2668680595993521,0.3364862538167763
5525,2,2,0.14821313916112633,0.20731143819063527,0.6444754226482383
5526,2,2,0.16597933751413538,0.23132244461363588,0.6026982178722287
5527,2,2,0.04809116949049007,0.14091364482281696,0.810995185686693
5528,0,0,0.4016718970680394,0.25939024944776656,0.3389378534841941
5529,0,2,0.29592366776548906,0.25828797770792794,0.44578835452658294
5530,0,0,0.6854666893797496,0.19446794408630974,0.1200653665339406
5531,1,2,0.20356711138039302,0.24589698267633886,0.5505359059432681
5532,0,0,0.5125508348788599,0.26114381142259846,0.22630535369854154
5533,1,2,0.1315240257469179,0.22618146399403952,0.6422945102590426
5534,2,2,0.3372137692199531,0.2532533402146248,0.409532890565422
5535,1,2,0.20425359263548726,0.25873652179716483,0.5370098855673479
5536,0,2,0.3085094857319912,0.2575617089696701,0.43392880529833866
5537,1,0,0.4646659870921744,0.2505866252620568,0.28474738764576873
5538,2,2,0.05024887046664472,0.142682562293886,0.8070685672394694
5539,1,2,0.3618730353561428,0.2573043187431052,0.3808226459007521
5540,2,2,0.05234055947440863,0.14555346547948622,0.8021059750461051
5541,0,2,0.18073235829798345,0.22520757351546652,0.5940600681865501
5542,2,0,0.4967377981999809,0.24678474711356463,0.25647745468645466
5543,0,0,0.4628038102119425,0.29069649396883696,0.24649969581922057
5544,2,2,0.05533001540865946,0.14985447909785862,0.7948155054934819
5545,0,0,0.635311938564428,0.22197082763092055,0.1427172338046515
5546,0,2,0.27535083638457214,0.2683589757880166,0.4562901878274113
5547,1,2,0.24553950192254528,0.2470772665055104,0.5073832315719443
5548,1,2,0.3318355019765215,0.2620789754041891,0.40608552261928943
5549,0,2,0.23704529610434372,0.2284971789255358,0.5344575249701204
5550,0,2,0.23386396780543942,0.25161976378078194,0.5145162684137787
5551,0,2,0.15626807324086808,0.22856661626575156,0.6151653104933803
5552,0,0,0.4757775241295253,0.2622128749249875,0.26200960094548714
5553,2,2,0.14278031730209995,0.22676834076609143,0.6304513419318086
5554,1,2,0.3555674769390472,0.25062510684727246,0.3938074162136803
5555,1,2,0.3567487424273878,0.2579593014326583,0.3852919561399539
5556,1,2,0.11441754078616574,0.19017856893496496,0.6954038902788694
5557,2,2,0.253914132591393,0.24391652409934264,0.5021693433092643
5558,0,2,0.2663686333074653,0.25121370939625265,0.482417657296282
5559,2,2,0.10027430699501307,0.19310808701066084,0.7066176059943261
5560,0,0,0.4534031062488786,0.2588686439226619,0.2877282498284595
5561,2,2,0.24661645526583545,0.26638105771066484,0.4870024870234996
5562,2,2,0.282153838428252,0.274131712055392,0.44371444951635597
5563,0,0,0.7898235645922682,0.1346635783980915,0.07551285700964032
5564,1,2,0.2195966796875445,0.22705132219605142,0.5533519981164041
5565,0,0,0.7842476123025318,0.13974978376210775,0.07600260393536047
5566,1,2,0.08423274640451098,0.17699829178801052,0.7387689618074785
5567,2,2,0.14978308716429864,0.2319862425615694,0.6182306702741319
5568,2,2,0.3413948184810428,0.2533577286731119,0.40524745284584535
5569,1,2,0.32519929999602015,0.2649287186526806,0.4098719813512992
5570,2,2,0.19519382862970108,0.2393183758902046,0.5654877954800943
5571,2,2,0.12371663265742784,0.20527920183012957,0.6710041655124427
5572,2,2,0.32441208031747754,0.2654477372175438,0.41014018246497874
5573,0,0,0.39490931963230896,0.24995237712606044,0.3551383032416307
5574,2,2,0.034400901902161565,0.12043226888599569,0.8451668292118428
5575,2,2,0.25463797585918185,0.2461634815131542,0.499198542627664
5576,2,2,0.11803298811646815,0.20303786681695132,0.6789291450665805
5577,1,2,0.20399742268937202,0.22889067647476077,0.5671119008358672
5578,2,2,0.16098387053324759,0.20583252985947384,0.6331835996072785
5579,1,0,0.5848329865041982,0.23763575041537133,0.17753126308043035
5580,2,0,0.4916393847584979,0.2601925534913878,0.24816806175011427
5581,0,0,0.6122559589542197,0.23929327999218777,0.1484507610535925
5582,2,2,0.03235710294688631,0.11326719149326446,0.8543757055598492
5583,2,0,0.3788087788311622,0.2563249183409807,0.3648663028278572
5584,2,2,0.0681986983297809,0.16451370826444994,0.7672875934057691
5585,2,2,0.2631793581385162,0.265871838315945,0.470948803545539
5586,2,2,0.26890422361968874,0.25759921936678853,0.47349655701352283
5587,1,2,0.3517410331097299,0.25646092989677916,0.39179803699349086
5588,2,2,0.3049768056570764,0.2564838603813096,0.43853933396161393
5589,1,2,0.27893695161589904,0.27827940076121777,0.44278364762288314
5590,1,2,0.20300269443195768,0.2337518196729757,0.5632454858950666
5591,2,2,0.33085576466333005,0.25624101517452924,0.41290322016214065
5592,0,0,0.664560486343811,0.2086738878149038,0.1267656258412852
5593,1,2,0.333400615254609,0.24196541071127833,0.4246339740341127
5594,2,2,0.15175296868065943,0.23096860790919255,0.617278423410148
5595,0,2,0.13412039775828588,0.19118125672811564,0.6746983455135985
5596,2,2,0.07398720233700795,0.15959479478846011,0.7664180028745319
5597,0,0,0.3958048517339951,0.2646092737098093,0.3395858745561955
5598,0,2,0.35857664870594264,0.2662795850477352,0.37514376624632223
5599,2,2,0.03408774652329897,0.11467367977197605,0.851238573704725
5600,2,2,0.06803778330633613,0.15764829573419645,0.7743139209594675
5601,2,0,0.4169241771117633,0.24509492883316947,0.33798089405506726
5602,2,2,0.07072399704652339,0.167938580340634,0.7613374226128427
5603,2,0,0.37046677489642493,0.2615306657860856,0.36800255931748943
5604,1,2,0.1706974737775531,0.22312080815199642,0.6061817180704504
5605,2,2,0.16650033463293626,0.22326787975462248,0.6102317856124413
5606,0,2,0.29116665975853495,0.25456516004642527,0.45426818019503973
5607,2,2,0.25048607749079144,0.24817406150962423,0.5013398609995844
5608,0,0,0.8231677162998405,0.11595737897107278,0.06087490472908664
5609,2,2,0.2128248744947888,0.2580149550072409,0.5291601704979703
5610,2,2,0.23460766141990128,0.23463323171194242,0.5307591068681564
5611,0,0,0.49255544365401094,0.24712064304308815,0.2603239133029008
5612,0,0,0.7542774039572144,0.16005833799695007,0.08566425804583563
5613,2,2,0.28373949969919576,0.2430745159545213,0.47318598434628306
5614,0,0,0.516421789631845,0.2541886663153504,0.22938954405280448
5615,2,0,0.4054657901234765,0.2445758496511852,0.34995836022533827
5616,0,0,0.7831329074918939,0.1417709828525069,0.07509610965559917
5617,2,2,0.03977278854331504,0.12053420891248975,0.8396930025441952
5618,0,2,0.28748914158072253,0.2527903647937798,0.45972049362549766
5619,0,2,0.2324403328263005,0.23056061622195947,0.5369990509517399
5620,2,2,0.08667648020724107,0.18536058044959322,0.7279629393431657
5621,2,2,0.09403813859398669,0.1911502795845817,0.7148115818214316
5622,1,0,0.46625720424594397,0.25358591499694283,0.28015688075711326
5623,0,0,0.465491506715858,0.269238734429766,0.26526975885437604
5624,1,0,0.49529969629000203,0.25546185791956555,0.24923844579043233
5625,0,2,0.11036230664638158,0.1887270991401479,0.7009105942134706
5626,0,2,0.32859858170784195,0.25542071538240246,0.41598070290975564
5627,2,2,0.15282998914648438,0.202080765946954,0.6450892449065616
5628,1,2,0.09922982758850067,0.1980098190915783,0.702760353319921
5629,2,2,0.03115925338221133,0.10942054079872338,0.8594202058190653
5630,2,0,0.4114771093396629,0.2890549482889793,0.2994679423713578
5631,2,2,0.15559209338512356,0.22288450097420365,0.6215234056406729
5632,2,2,0.21773694610268118,0.2551281102090732,0.5271349436882455
5633,2,2,0.05999963149658067,0.1585023008909232,0.7814980676124962
5634,0,0,0.5388916815896384,0.23885630638383432,0.22225201202652733
5635,2,2,0.02467971295060621,0.09397652766297727,0.8813437593864165
5636,1,2,0.17181504076785836,0.23400158823029715,0.5941833710018445
5637,0,2,0.32202880252558175,0.24796452608337716,0.4300066713910411
5638,0,0,0.7462636855791243,0.16468912893102092,0.08904718548985494
5639,0,0,0.5754858652797759,0.23847192060184602,0.18604221411837807
5640,2,0,0.5162410016466913,0.25066787609693886,0.2330911222563698
5641,2,2,0.18021846386047008,0.20954506225067054,0.6102364738888595
5642,1,2,0.36253937774827244,0.2656925479839991,0.37176807426772857
5643,0,2,0.2659444147931938,0.2455734580047048,0.4884821272021013
5644,2,2,0.08369851306118756,0.1552433933689115,0.7610580935699011
5645,0,0,0.7291330760296392,0.17499684364541954,0.09587008032494122
5646,2,2,0.1082269843813847,0.2102114185164584,0.6815615971021569
5647,1,2,0.22549619841233112,0.23644244828916727,0.5380613532985017
5648,2,2,0.018723325761524943,0.08533157336316902,0.895945100875306
5649,0,2,0.0418279917192384,0.12603916842338167,0.83213283985738
5650,0,2,0.17687637021200694,0.23463438576981277,0.5884892440181804
5651,0,2,0.3241782814869958,0.2589662904982672,0.41685542801473696
5652,2,2,0.2833277588265436,0.2530722684132957,0.4635999727601608
5653,0,2,0.3574920502529502,0.23717967640692256,0.40532827334012717
5654,1,0,0.40788008311217466,0.26452073043664104,0.32759918645118435
5655,2,0,0.4407325022833718,0.24767609289559092,0.31159140482103725
5656,2,2,0.06163109701530607,0.1517161496831779,0.786652753301516
5657,1,0,0.5520964469852245,0.2505303111145677,0.19737324190020772
5658,0,2,0.27663350275292975,0.24589099237015039,0.4774755048769199
5659,1,0,0.582479472506543,0.21561976499837465,0.20190076249508235
5660,0,0,0.597695715798773,0.2452675432122615,0.15703674098896553
5661,2,2,0.08630338095455563,0.16306605218070883,0.7506305668647356
5662,2,2,0.22542028878603412,0.24498255459804144,0.5295971566159244
5663,0,2,0.24548719082510248,0.2654003828650388,0.48911242630985863
5664,2,2,0.2508606092536264,0.2329763034919208,0.5161630872544527
5665,2,0,0.5879111525403191,0.23249351534125862,0.17959533211842219
5666,1,2,0.034318395300953285,0.11002560049221204,0.8556560042068347
5667,1,0,0.7677729146877726,0.15125481751278588,0.0809722677994415
5668,2,2,0.2977861076888397,0.26112677404402396,0.4410871182671365
5669,2,2,0.2256965326539451,0.23760691784689988,0.5366965494991551
5670,1,2,0.3451798769870784,0.2540232943356942,0.4007968286772274
5671,2,2,0.21130970274620536,0.2400602828014626,0.5486300144523321
5672,0,2,0.2139677846869797,0.2322614083675241,0.5537708069454962
5673,2,2,0.0446438496179218,0.13468478924834462,0.8206713611337335
5674,0,2,0.27034328234489874,0.2568812853339574,0.47277543232114383
5675,2,0,0.44757392031920273,0.276101929426869,0.2763241502539282
5676,2,0,0.5094395851906434,0.25266714963928705,0.23789326517006967
5677,0,0,0.3759834468820302,0.25304244047794505,0.37097411264002483
5678,0,2,0.14924371773464035,0.2118200817993415,0.6389362004660183
5679,2,2,0.29205836677122243,0.26397583859940404,0.44396579462937347
5680,2,2,0.03146974664529866,0.11180815492782793,0.8567220984268735
5681,2,2,0.09838210455097836,0.18998483815509967,0.711633057293922
5682,1,2,0.1854545910955421,0.21457577403429964,0.5999696348701583
5683,0,2,0.35760148568718964,0.2756195191001676,0.36677899521264273
5684,2,2,0.2958289058417008,0.23519833433571005,0.468972759822589
5685,2,0,0.6836001427000914,0.18901968826830434,0.12738016903160418
5686,2,2,0.023548171509162535,0.09362856461778758,0.8828232638730498
5687,2,0,0.4145110301086661,0.2646323202270275,0.32085664966430644
5688,0,0,0.574560103655082,0.22618875234172034,0.19925114400319757
5689,2,2,0.04325228995301549,0.13018871102213242,0.826558999024852
5690,1,2,0.18935390953109676,0.22432755153683978,0.5863185389320635
5691,2,0,0.7680207869445851,0.1502835673017088,0.08169564575370608
5692,2,2,0.3160137248202064,0.2577477313123635,0.42623854386743004
5693,2,2,0.31931311690822456,0.25485582864145206,0.42583105445032343
5694,2,2,0.2883093377156904,0.23936724675630583,0.47232341552800383
5695,2,2,0.3416238163604486,0.2758716372814495,0.382504546358102
5696,1,0,0.6100706273164238,0.2399960836234573,0.1499332890601188
5697,2,2,0.2795372602395976,0.2513315587363969,0.4691311810240056
5698,2,2,0.08303867271938874,0.1816202693269634,0.7353410579536478
5699,1,0,0.6681587149344598,0.20461604676603765,0.12722523829950255
5700,2,2,0.17885486611172938,0.21074734210796697,0.6103977917803037
5701,2,2,0.13939063930980572,0.21208129354422708,0.6485280671459672
5702,2,2,0.023821712649085443,0.09538035387614731,0.8807979334747673
5703,2,2,0.30874575243512087,0.2469091318697738,0.44434511569510543
5704,0,0,0.49574515937651115,0.24058536691786728,0.2636694737056217
5705,2,0,0.48410829731780974,0.26711814682570945,0.24877355585648092
5706,0,2,0.3741824314771982,0.24978888702157914,0.37602868150122254
5707,0,0,0.4427665195518921,0.243808152627773,0.313425327820335
5708,1,0,0.43140817308630314,0.26432598785788036,0.30426583905581644
5709,1,2,0.11637050099814913,0.1787382644657475,0.7048912345361034
5710,0,2,0.17290996415781315,0.22911827661214018,0.5979717592300466
5711,0,0,0.7324911139652905,0.17079766753498027,0.09671121849972916
5712,0,0,0.4671384954662257,0.26015861372523325,0.27270289080854115
5713,1,2,0.12312684152482335,0.21132828682206609,0.6655448716531105
5714,2,0,0.5285526935400751,0.24831840165679053,0.22312890480313446
5715,1,2,0.3530020364115554,0.2541735027453968,0.39282446084304784
5716,0,0,0.7894709461418866,0.1387230370192427,0.0718060168388706
5717,0,2,0.3248460561110929,0.2581658428789421,0.41698810100996486
5718,2,2,0.08619120340066846,0.18053044726332962,0.7332783493360018
5719,2,2,0.06091065471438904,0.13843282000927848,0.8006565252763325
5720,2,2,0.05521237654938956,0.14666846331318015,0.7981191601374303
5721,2,2,0.15659533251004973,0.23248426572783626,0.610920401762114
5722,2,2,0.18431284023025374,0.22028411180478044,0.5954030479649658
5723,1,2,0.23082688966412807,0.2686524556417975,0.5005206546940745
5724,0,0,0.3809044376767238,0.24143197791935314,0.3776635844039231
5725,2,2,0.023271539394338313,0.09494435091232252,0.8817841096933391
5726,2,2,0.26426092061576406,0.2407323210943567,0.4950067582898792
5727,2,2,0.1677078835184027,0.22985432001865042,0.6024377964629468
5728,2,2,0.019917500619461764,0.08314338464398076,0.8969391147365574
5729,1,0,0.37853361360427307,0.24439447615620855,0.37707191023951825
5730,1,0,0.40586799651634253,0.2774798614504037,0.31665214203325376
5731,1,0,0.5247070322580227,0.24721638228297285,0.22807658545900447
5732,2,2,0.030266207153778733,0.10867275113119182,0.8610610417150295
5733,2,2,0.29800939268290144,0.25010991732662335,0.4518806899904753
5734,0,2,0.06442551901717522,0.15459500314611202,0.7809794778367128
5735,0,2,0.10500375542785365,0.18148814821140286,0.7135080963607435
5736,2,0,0.4095099957932582,0.26326602057305937,0.3272239836336825
5737,0,0,0.46552164641674554,0.2544262148241403,0.2800521387591141
5738,2,0,0.49095211064686545,0.2600590919082318,0.24898879744490296
5739,0,2,0.33495610504130857,0.26298674239467,0.40205715256402147
5740,2,2,0.170227054351543,0.22256867866317667,0.6072042669852803
5741,0,0,0.729015477397953,0.17145495409374434,0.09952956850830262
5742,2,2,0.15839790086957964,0.244449778642375,0.5971523204880453
5743,1,0,0.4695782254064771,0.26006953533742744,0.2703522392560954
5744,0,0,0.41092930363000135,0.2483340593067636,0.3407366370632351
5745,2,2,0.14052256414757722,0.19388082055123063,0.6655966153011922
5746,2,2,0.1754600968676093,0.20431795232719865,0.620221950805192
5747,2,2,0.25030932747316653,0.26212724154990125,0.48756343097693217
5748,1,2,0.3127593266243598,0.26112618229482165,0.42611449108081867
5749,2,0,0.41071883519074065,0.2747830636997724,0.3144981011094869
5750,2,2,0.2092420203388965,0.23060203048058653,0.5601559491805169
5751,2,2,0.12465135202207196,0.20301350397787474,0.6723351440000532
5752,0,2,0.23046090858267032,0.22701929140592872,0.542519800011401
5753,1,2,0.3338510127877237,0.27004531189881364,0.3961036753134626
5754,0,2,0.23143177733212433,0.2529873958074214,0.5155808268604543
5755,0,0,0.8087865077918017,0.12555446795747915,0.06565902425071918
5756,1,2,0.3371353296946928,0.2475428457858404,0.41532182451946675
5757,0,0,0.4404828584150527,0.2606548937919355,0.29886224779301185
5758,2,2,0.10182163105287935,0.17188667431843446,0.7262916946286863
5759,2,2,0.041398901803960816,0.13016138100558888,0.8284397171904504
5760,2,0,0.474050518432457,0.25498069233893117,0.27096878922861184
5761,1,0,0.5924628097036605,0.2193387590572985,0.1881984312390411
5762,2,2,0.13707240036065235,0.20431591217567258,0.658611687463675
5763,2,2,0.14548079200645803,0.21353475674894098,0.6409844512446009
5764,0,0,0.7332881867737017,0.17040809531651663,0.0963037179097817
5765,2,0,0.42391183495982004,0.24320722779063242,0.3328809372495475
5766,1,0,0.5391005630415371,0.26939001198861634,0.1915094249698464
5767,0,0,0.598934521410419,0.2241113362950444,0.17695414229453657
5768,2,2,0.18286707444679046,0.21419364796646503,0.6029392775867445
5769,1,2,0.28666400156225585,0.25678132470070153,0.4565546737370425
5770,2,2,0.024469490491570527,0.09572214734571159,0.8798083621627178
5771,0,2,0.10335039510485546,0.18895300931103218,0.7076965955841122
5772,2,2,0.07778471755909737,0.15711604454708808,0.7650992378938146
5773,1,2,0.302858725544828,0.25873663063029184,0.43840464382488015
5774,1,2,0.3067697205728577,0.28813891561845273,0.40509136380868965
5775,2,2,0.026061212952606345,0.10157967020067736,0.8723591168467162
5776,1,2,0.28253451086704395,0.25097828574939707,0.4664872033835589
5777,2,2,0.28674530859153313,0.2589117428480809,0.454342948560386
5778,2,2,0.2783757753732868,0.23110488461271472,0.4905193400139986
5779,2,0,0.497437684876436,0.24887132154820468,0.25369099357535924
5780,2,2,0.18458722751899492,0.24356415611335108,0.571848616367654
5781,0,0,0.5706188866910147,0.24736774237205003,0.18201337093693523
5782,2,2,0.14498504701383794,0.22682346056700134,0.6281914924191607
5783,2,2,0.26079319254221545,0.26132316852233606,0.47788363893544844
5784,1,2,0.37238869685235887,0.24761541082082714,0.379995892326814
5785,2,2,0.25486119839306065,0.26429014139037343,0.480848660216566
5786,2,2,0.04187359959188822,0.12667111377397441,0.8314552866341374
5787,2,2,0.06768187758809543,0.15980606337864314,0.7725120590332614
5788,2,2,0.12733506699214153,0.1899584213583502,0.6827065116495084
5789,2,2,0.3031805293374038,0.25774216773104597,0.4390773029315501
5790,1,2,0.1701070523148771,0.221700626128079,0.6081923215570438
5791,0,0,0.6677638674724133,0.1896508182442398,0.1425853142833468
5792,2,2,0.09229302482032352,0.16219754565636654,0.7455094295233099
5793,2,2,0.17852482431736155,0.2175381031650977,0.6039370725175407
5794,0,0,0.6765878346221007,0.20422282814350184,0.11918933723439762
5795,2,2,0.33632391270498674,0.29617666379948815,0.367499423495525
5796,2,2,0.054555922830494104,0.14345291493965903,0.8019911622298468
5797,2,0,0.4807148264204145,0.28343429190348524,0.2358508816761002
5798,0,2,0.07549470742951707,0.1684849962815245,0.7560202962889584
5799,2,2,0.12731752387986633,0.18776577470797615,0.6849167014121577
5800,2,2,0.128391084964293,0.21248318750352221,0.6591257275321848
5801,0,2,0.15705756014087324,0.20483432669183063,0.6381081131672962
5802,2,2,0.08317537655487381,0.1782474438026181,0.7385771796425082
5803,0,2,0.20071291058554525,0.2270689882530131,0.5722181011614417
5804,0,2,0.2162538984066562,0.24245999109450023,0.5412861104988436
5805,2,2,0.22073077982862505,0.2256166877401518,0.5536525324312231
5806,2,0,0.5720594488504442,0.23440158377826398,0.19353896737129184
5807,2,0,0.3960275363778411,0.2839557619055412,0.3200167017166177
5808,0,0,0.6983438560796204,0.1784778049303233,0.12317833899005629
5809,0,0,0.8304705588805981,0.11119551561975932,0.058333925499642586
5810,1,2,0.34853178563927906,0.2559927855660297,0.39547542879469105
5811,2,2,0.041566234769805414,0.12198028137491981,0.8364534838552747
5812,2,2,0.19681186149623792,0.2159100895168783,0.5872780489868837
5813,0,0,0.5134165838627517,0.24758687008954205,0.23899654604770634
5814,0,2,0.25474891199318334,0.22928771413546983,0.5159633738713468
5815,0,0,0.38023633684143227,0.28674383848890594,0.33301982466966185
5816,1,0,0.5212432038669228,0.2435786071576697,0.23517818897540754
5817,1,0,0.6724443826804117,0.20338648630639408,0.12416913101319427
5818,2,2,0.27092089043500983,0.25635566441136365,0.47272344515362663
5819,0,2,0.26733750003907636,0.22722219656993461,0.505440303390989
5820,1,2,0.04252951539124822,0.12260011917912315,0.8348703654296286
5821,0,2,0.3275628586542783,0.25621351733215914,0.41622362401356244
5822,2,2,0.06397895529156357,0.14000663576026642,0.79601440894817
5823,2,2,0.33563855434993334,0.2538847634255261,0.4104766822245406
5824,0,2,0.19125703867232433,0.24369624605916101,0.5650467152685147
5825,2,2,0.02744756644758306,0.10200917473011699,0.8705432588222999
5826,0,0,0.48965156834509943,0.24621331103986893,0.26413512061503164
5827,1,2,0.3769140689595809,0.24197650427644082,0.38110942676397824
5828,1,0,0.4841900974196681,0.2596933019450237,0.2561166006353082
5829,0,0,0.5148932497098766,0.24947160274610572,0.2356351475440177
5830,2,2,0.14177770553297914,0.21172820483702515,0.6464940896299957
5831,2,2,0.049460751448430665,0.13666484079268576,0.8138744077588836
5832,2,2,0.09638879579223346,0.18473448469927126,0.7188767195084952
5833,0,2,0.13902665181907436,0.18927358278816744,0.6716997653927582
5834,0,0,0.7970959506349272,0.13269920653519535,0.07020484282987756
5835,2,0,0.41501116697651996,0.24797871407770605,0.3370101189457739
5836,0,2,0.3553905445515116,0.24351898317456802,0.4010904722739203
5837,1,2,0.20062322055661314,0.2407336415056037,0.5586431379377831
5838,1,2,0.16299377344944685,0.250669029455399,0.5863371970951542
5839,1,2,0.14530524762610655,0.2156539102633385,0.6390408421105549
5840,0,0,0.6886803554232017,0.19845015627194423,0.11286948830485403
5841,2,2,0.22882697741994878,0.23620194099379696,0.5349710815862543
5842,1,0,0.48871759945776605,0.24981083785535774,0.2614715626868762
5843,1,2,0.21911478343991228,0.23553597592679487,0.5453492406332928
5844,0,0,0.3932113240384579,0.2532506265153436,0.35353804944619865
5845,0,2,0.11033059175208527,0.18619027462995344,0.7034791336179613
5846,1,2,0.21471663148995965,0.22313794806573076,0.5621454204443096
5847,0,2,0.2998315169593852,0.2531495293731302,0.4470189536674845
5848,1,2,0.11715227631661386,0.1735437784433136,0.7093039452400726
5849,0,2,0.20092344838560458,0.2288527595369568,0.5702237920774386
5850,2,2,0.17748751694538636,0.21744169708989866,0.605070785964715
5851,2,0,0.3969250438576505,0.2609798354876963,0.34209512065465325
5852,0,0,0.8299852621488832,0.11271096800507335,0.05730376984604335
5853,2,2,0.2552002067707504,0.2639486684737433,0.48085112475550623
5854,0,0,0.5526786890954218,0.24779029004499548,0.1995310208595827
5855,0,0,0.7496935162558478,0.15947039499238858,0.09083608875176362
5856,2,2,0.03851722111798015,0.11883747471275999,0.8426453041692598
5857,2,2,0.07173948243091748,0.15189078549329527,0.7763697320757873
5858,2,0,0.3653926725123056,0.2902634160743661,0.34434391141332826
5859,2,2,0.10596773767585714,0.19762344447691885,0.696408817847224
5860,2,2,0.1214920527180522,0.19888180712319228,0.6796261401587557
5861,2,2,0.21558796276098718,0.2353404143384396,0.5490716229005732
5862,2,2,0.1034546187401029,0.19084254777415474,0.7057028334857423
5863,2,2,0.2371631561945797,0.22236108880795818,0.5404757549974621
5864,0,0,0.41016099615824797,0.2607875003411453,0.3290515035006068
5865,0,2,0.2726374539635369,0.23692896888379258,0.49043357715267044
5866,2,2,0.24862040047734565,0.2433077017269895,0.5080718977956649
5867,2,2,0.20772827741459599,0.23520903117260258,0.5570626914128015
5868,2,2,0.2499877007353508,0.23607314438941743,0.5139391548752318
5869,2,2,0.06307662945839845,0.13795831711836823,0.7989650534232332
5870,1,2,0.3400099991481052,0.25290573813944534,0.40708426271244946
5871,1,0,0.5904063319581218,0.22878665897171757,0.18080700907016056
5872,0,0,0.4334774893225482,0.26473485808252023,0.3017876525949315
5873,1,2,0.2702320235877008,0.2648127583340587,0.4649552180782406
5874,2,2,0.058554558557793776,0.1614666741231478,0.7799787673190585
5875,2,2,0.01859409153268961,0.07999071817699516,0.9014151902903151
5876,0,2,0.22030739143150363,0.26140109660796634,0.51829151196053
5877,2,0,0.4042149065349545,0.25525782657866014,0.34052726688638535
5878,0,2,0.37031822813646825,0.25434812800507456,0.3753336438584572
5879,2,2,0.04958762883154198,0.14616187501626218,0.8042504961521958
5880,1,2,0.28060256843369574,0.24016186923392024,0.4792355623323841
5881,0,0,0.5902472693691935,0.21725196703730484,0.19250076359350163
5882,2,2,0.14686182241880483,0.19494790459158767,0.6581902729896076
5883,0,0,0.7043633145686446,0.18871758776796344,0.1069190976633918
5884,2,2,0.10933968906920191,0.17908190081162084,0.7115784101191771
5885,2,2,0.09907835172378907,0.19112030774369496,0.709801340532516
5886,2,2,0.14159004484316037,0.20347040494510615,0.6549395502117336
5887,2,2,0.19037356659116908,0.22167752468682436,0.5879489087220066
5888,2,2,0.36265644557006677,0.25176153767882775,0.38558201675110537
5889,2,2,0.19905905540199337,0.23468423840377842,0.5662567061942283
5890,2,2,0.18755925423265143,0.21845677398050095,0.5939839717868476
5891,0,0,0.700456282918223,0.18825417388045218,0.11128954320132489
5892,2,0,0.6778641690247916,0.1851457638407519,0.1369900671344565
5893,2,2,0.02822848370007546,0.10454830762336376,0.8672232086765608
5894,1,0,0.541873438035422,0.251206520147519,0.20692004181705892
5895,0,2,0.1288660740367338,0.20823191560981855,0.6629020103534478
5896,0,0,0.8440647970406014,0.1035449252899391,0.0523902776694595
5897,0,2,0.25215868621006554,0.23291874079245933,0.5149225729974751
5898,2,0,0.5732279154635224,0.2605922821443428,0.16617980239213484
5899,0,0,0.5282583610154978,0.24445948989931862,0.22728214908518354
5900,2,2,0.3382389747706306,0.25397035673636836,0.40779066849300094
5901,2,2,0.21091848106495598,0.22820930082153065,0.5608722181135134
5902,2,2,0.14762852960114067,0.20099700562414158,0.6513744647747178
5903,1,2,0.11183134839514211,0.1827141222925546,0.7054545293123033
5904,2,2,0.22994050205980662,0.2384392011282481,0.5316202968119453
5905,2,2,0.17097357465838342,0.2108127061785529,0.6182137191630638
5906,2,2,0.29502026408424453,0.25134747751643266,0.4536322583993228
5907,0,2,0.1195949221364941,0.19500968002181746,0.6853953978416885
5908,2,2,0.20680819651185556,0.22551957101103792,0.5676722324771064
5909,1,2,0.28114296055503746,0.2961415427912469,0.4227154966537156
5910,0,2,0.10400336814848554,0.19886035437297056,0.6971362774785439
5911,0,0,0.5181160373360428,0.2470711150863122,0.2348128475776451
5912,2,2,0.08998293866964807,0.18264548108332535,0.7273715802470265
5913,0,0,0.7753959678334024,0.14696386906552655,0.07764016310107105
5914,2,0,0.44448343189761874,0.2500407936259812,0.3054757744764002
5915,1,0,0.7576766084474973,0.15492651079239544,0.08739688076010735
5916,2,2,0.09164072359746007,0.1826506931584132,0.7257085832441267
5917,2,0,0.5350376269567254,0.24309481391245788,0.2218675591308168
5918,2,2,0.18766235714928517,0.22613044099154375,0.5862072018591711
5919,2,2,0.08670257656143572,0.15817375429154015,0.7551236691470242
5920,0,0,0.583778346908872,0.22657830411951807,0.18964334897160995
5921,1,2,0.3025407033450555,0.2518348060275975,0.44562449062734705
5922,0,2,0.19736233042180923,0.27002274938436666,0.5326149201938242
5923,2,2,0.13991219445299605,0.1950890783242752,0.6649987272227289
5924,2,0,0.43079508132206173,0.25556662338395625,0.3136382952939822
5925,2,2,0.1410086951777427,0.19745937513617046,0.6615319296860869
5926,2,2,0.06451778479689835,0.1559488331795051,0.7795333820235967
5927,2,2,0.24174229445261952,0.23376919203755564,0.5244885135098248
5928,2,0,0.6742538405194747,0.2024456694454542,0.12330049003507113
5929,2,2,0.062414282274462295,0.15139910234106474,0.7861866153844729
5930,2,2,0.0676802832763897,0.16041136613698134,0.771908350586629
5931,0,0,0.3619355547606147,0.27777076266297096,0.36029368257641436
5932,2,2,0.04064266833980504,0.1212239384521052,0.8381333932080898
5933,2,2,0.1903984668165649,0.21327165839753054,0.5963298747859046
5934,1,2,0.23117662805020237,0.23430557971243687,0.5345177922373607
5935,1,0,0.37403794962862685,0.2765734498490965,0.3493886005222766
5936,2,2,0.06722753414864785,0.16102234450380784,0.7717501213475444
5937,1,2,0.30996291400415693,0.2542518972171016,0.4357851887787415
5938,2,0,0.537512731734373,0.24150591694850373,0.2209813513171232
5939,2,0,0.3834462571421161,0.25653165289159224,0.36002208996629176
5940,2,2,0.3424992911992784,0.2590148144899356,0.39848589431078596
5941,2,2,0.2169091047495085,0.22473006099973175,0.5583608342507598
5942,2,0,0.4647705663727941,0.27293859622143685,0.2622908374057689
5943,2,2,0.2303462371323902,0.23617052240428715,0.5334832404633226
5944,0,0,0.7446011931367987,0.16444676679434328,0.09095204006885806
5945,0,2,0.09175472614965315,0.1742338574596755,0.7340114163906714
5946,2,2,0.0494875598216744,0.1333718087322682,0.8171406314460573
5947,2,2,0.08743815069250513,0.16968000691306254,0.7428818423944323
5948,1,0,0.6960372487651215,0.18713152676345884,0.11683122447141968
5949,0,2,0.03221352177663626,0.10803057702554866,0.859755901197815
5950,1,2,0.2442025126686249,0.23713756175395015,0.5186599255774249
5951,2,2,0.030684035927304697,0.10606627678095577,0.8632496872917396
5952,2,2,0.3233961280480149,0.25495834510932025,0.4216455268426649
5953,0,0,0.5443168146034907,0.2528976303177464,0.20278555507876297
5954,1,2,0.3213217353755209,0.2668726992335223,0.4118055653909567
5955,0,2,0.30154522738383405,0.27070687147003597,0.42774790114613
5956,0,0,0.4532143964831043,0.2528998053624159,0.29388579815447974
5957,1,0,0.4441067341402092,0.2455265669665582,0.31036669889323265
5958,0,2,0.2155589958456047,0.23250330442566905,0.5519376997287262
5959,1,2,0.3355444073774454,0.3062127936140399,0.35824279900851463
5960,2,2,0.2696725125497517,0.25392979659589954,0.47639769085434874
5961,0,2,0.33208572781250506,0.24977067451475748,0.41814359767273745
5962,0,0,0.4455460019986843,0.2584495220019696,0.2960044759993461
5963,2,2,0.2671153563016856,0.24209899890078787,0.4907856447975266
5964,2,0,0.41884160028459344,0.2948538412849468,0.2863045584304598
5965,2,0,0.4212103322012475,0.2772579625383522,0.3015317052604003
5966,0,2,0.3133691268613154,0.2578842668559465,0.4287466062827381
5967,2,2,0.35928913761411696,0.2557328375977801,0.38497802478810295
5968,1,2,0.24975988027956514,0.23680213683920726,0.5134379828812277
5969,2,2,0.04503508042500153,0.13150805246512065,0.8234568671098779
5970,2,0,0.6233719970246708,0.21732122936565126,0.15930677360967793
5971,1,2,0.12562741697602348,0.17915632828303465,0.6952162547409418
5972,2,2,0.038833108246781274,0.12186545513579891,0.8393014366174198
5973,2,2,0.16385707489127152,0.22526413892693478,0.6108787861817937
5974,0,2,0.34934679067156316,0.27514647789137975,0.37550673143705704
5975,2,2,0.08092874329811259,0.1643468058576194,0.7547244508442681
5976,1,0,0.4578734885421094,0.25771665785854814,0.28440985359934257
5977,0,0,0.5759446161388206,0.2261828573583269,0.19787252650285253
5978,2,2,0.14226736392270517,0.21625656816294972,0.641476067914345
5979,1,0,0.3677793148793219,0.3004931917689882,0.3317274933516899
5980,0,2,0.1051575422026995,0.1980782661646152,0.6967641916326853
5981,1,0,0.7491212070153702,0.15651423413039672,0.09436455885423302
5982,2,2,0.027385263323247807,0.1008892986945848,0.8717254379821674
5983,2,0,0.42343870287157614,0.2536430361121075,0.3229182610163164
5984,2,2,0.18887895085541484,0.22148302721975177,0.5896380219248334
5985,2,2,0.15705184973759354,0.21640742766312487,0.6265407225992816
5986,0,0,0.4330946693187475,0.27652413213770344,0.2903811985435491
5987,0,0,0.4414314197621183,0.26773233086902526,0.29083624936885644
5988,0,2,0.2642019390082638,0.25351945865984127,0.4822786023318949
5989,1,2,0.19899438951637136,0.2227772536353176,0.578228356848311
5990,1,2,0.09636765638492556,0.19020076825141186,0.7134315753636625
5991,2,0,0.5240882995600656,0.2603237121153705,0.2155879883245639
5992,1,2,0.1840815776215682,0.21621731529317242,0.5997011070852594
5993,1,2,0.046357529691581745,0.1349461770911474,0.818696293217271
5994,2,2,0.05858556307821156,0.15096231952203956,0.7904521173997489
5995,1,0,0.4650376757558916,0.2587106323740674,0.276251691870041
5996,2,2,0.0762947466687835,0.1753190924829568,0.7483861608482597
5997,2,2,0.249190966724802,0.24479040400661228,0.5060186292685858
5998,2,0,0.3722992182813861,0.30466492099873577,0.3230358607198781
5999,2,2,0.2775786246112753,0.245722856083321,0.47669851930540375
6000,2,0,0.4668324621010404,0.25243257461247515,0.2807349632864844
6001,1,0,0.5106698819981121,0.24631155503136504,0.2430185629705228
6002,2,2,0.18854199814797695,0.24322753915739176,0.5682304626946313
6003,2,2,0.12630820079228183,0.18382757593126534,0.6898642232764528
6004,2,2,0.3139185669436483,0.27548258632025674,0.41059884673609504
6005,1,2,0.13798261775084994,0.20424386044441156,0.6577735218047385
6006,2,2,0.0730566193243727,0.17114495394616216,0.7557984267294652
6007,1,2,0.3622533947281107,0.2552438264444546,0.3825027788274347
6008,2,2,0.31909193608782743,0.26139732325122655,0.4195107406609459
6009,2,2,0.33044592807834466,0.25712556822554306,0.4124285036961123
6010,2,0,0.4319639355888555,0.25457914691240635,0.3134569174987381
6011,2,0,0.5163886814678802,0.2594267336876302,0.22418458484448964
6012,0,0,0.6170215632805532,0.22946572204974516,0.1535127146697016
6013,1,2,0.34433354093146046,0.2617447696553063,0.3939216894132332
6014,2,2,0.176384456617687,0.22835890377232604,0.5952566396099869
6015,2,2,0.0258760767357076,0.09929037402644181,0.8748335492378506
6016,0,0,0.3660906305757574,0.3044570483497315,0.32945232107451106
6017,1,2,0.36580487845432785,0.26427069882410253,0.3699244227215696
6018,0,0,0.5312691914565205,0.2527006216990678,0.21603018684441183
6019,0,2,0.3254822080777022,0.2552830965244505,0.41923469539784736
6020,2,2,0.35341600669589696,0.26632236195282133,0.3802616313512817
6021,2,2,0.055805441954524616,0.14087048755032108,0.8033240704951542
6022,1,2,0.19264274110914215,0.2233856833153344,0.5839715755755235
6023,0,2,0.14252540505596417,0.21436886983599718,0.6431057251080387
6024,2,2,0.14141995931504564,0.2195191466784101,0.6390608940065442
6025,2,2,0.083249106880702,0.17425093996853377,0.7424999531507641
6026,0,0,0.4544421463126446,0.29189464098321677,0.25366321270413866
6027,2,0,0.6124740594276281,0.2349302659895327,0.1525956745828392
6028,2,2,0.3162360790252236,0.30759893821234835,0.3761649827624281
6029,1,0,0.37221578030724056,0.2602226774987805,0.367561542193979
6030,1,2,0.23471640896598356,0.24175111064230106,0.5235324803917154
6031,2,0,0.4802521372036179,0.2582327684006761,0.26151509439570597
6032,0,2,0.33631010010227164,0.2553907431409002,0.4082991567568282
6033,2,0,0.4924112980613106,0.24853672195043036,0.25905197998825896
6034,1,2,0.151810599408419,0.23040969140957784,0.6177797091820031
6035,2,2,0.29149506752491255,0.2614116920233884,0.4470932404516991
6036,0,2,0.12520610096450668,0.21744851817225103,0.6573453808632422
6037,1,2,0.3562613134408696,0.2518247771273888,0.39191390943174165
6038,2,2,0.07798901856646398,0.17461841307418746,0.7473925683593485
6039,2,2,0.2665754195162469,0.2573982195133066,0.4760263609704466
6040,2,2,0.1282607066162706,0.2092687689615172,0.6624705244222121
6041,0,0,0.5913693432829307,0.24135648035085136,0.1672741763662179
6042,2,2,0.1332988823952187,0.203589211212873,0.6631119063919083
6043,2,2,0.11405300242104581,0.2023486151692048,0.6835983824097493
6044,2,2,0.1257084754803893,0.20575988976261642,0.6685316347569943
6045,0,0,0.44466951448690967,0.2876612745645321,0.2676692109485583
6046,2,2,0.2593801859260674,0.2491510080957955,0.49146880597813725
6047,0,0,0.5419103061900408,0.25069219088145095,0.20739750292850834
6048,2,2,0.19526473223579768,0.22602513586242268,0.5787101319017797
6049,0,2,0.24113076593813002,0.25238099526382585,0.5064882387980442
6050,2,2,0.17376757983678043,0.220923823159141,0.6053085970040786
6051,0,0,0.7203593084289058,0.1754579183857016,0.1041827731853924
6052,0,0,0.4425139334080173,0.28907132979806555,0.26841473679391714
6053,0,0,0.51897859060433,0.24282674021393283,0.23819466918173707
6054,1,0,0.4867140000549857,0.2515143048918426,0.26177169505317155
6055,1,2,0.07238012810198938,0.16578624842391176,0.7618336234740989
6056,2,2,0.11243378740492288,0.1921240014423291,0.695442211152748
6057,2,2,0.04001067268719413,0.12520994792706325,0.8347793793857425
6058,0,0,0.43731460171267655,0.2521132317918904,0.31057216649543307
6059,0,2,0.34631706654594174,0.3027882073311984,0.3508947261228598
6060,1,2,0.08626346439300109,0.1858697889259117,0.7278667466810872
6061,2,2,0.3156920041921947,0.2620735636756682,0.42223443213213707
6062,2,2,0.030204957323606164,0.10889182037478018,0.8609032223016138
6063,2,2,0.30271422750856253,0.30318126904159814,0.3941045034498394
6064,2,2,0.24678065513691105,0.2402885022987942,0.5129308425642948
6065,1,0,0.635061185621263,0.2071199973545049,0.15781881702423203
6066,2,2,0.1512598100785068,0.21580258158103915,0.6329376083404541
6067,2,2,0.09401336164326686,0.18942859429708991,0.7165580440596432
6068,2,2,0.07440537805157443,0.16888570882521267,0.7567089131232129
6069,2,2,0.08937927461212604,0.1805017163542729,0.7301190090336012
6070,1,0,0.3883473136106441,0.2629536072934252,0.3486990790959306
6071,1,0,0.5434601195152096,0.2670766323322878,0.1894632481525027
6072,1,2,0.19769032547044,0.22952695506019596,0.5727827194693641
6073,2,2,0.17862679948304408,0.23456889499442116,0.5868043055225347
6074,0,2,0.3014259003012674,0.25137211745966553,0.44720198223906704
6075,1,2,0.21853613481637443,0.24019746404070974,0.5412664011429158
6076,2,0,0.49394034491242694,0.27023511777198156,0.2358245373155915
6077,1,0,0.5622276093401767,0.24345177940004398,0.1943206112597793
6078,0,0,0.4666746916909314,0.2678290494849069,0.2654962588241618
6079,2,2,0.033582675918495335,0.11401300837036507,0.8524043157111395
6080,0,2,0.13209473097468977,0.20934959056613778,0.6585556784591724
6081,1,2,0.06711094563536707,0.16440761170909082,0.7684814426555422
6082,0,2,0.24107935153429028,0.25750999995287316,0.5014106485128366
6083,1,2,0.06475036515403784,0.15037532868196699,0.7848743061639952
6084,2,2,0.06582968576442313,0.158797525671047,0.7753727885645298
6085,0,0,0.49670997014708745,0.25795475259046,0.24533527726245252
6086,1,2,0.30935864387470985,0.2696887707047854,0.4209525854205047
6087,0,0,0.5872315988553787,0.24635773987943035,0.16641066126519097
6088,1,2,0.2140769460069991,0.2334826257449148,0.552440428248086
6089,1,2,0.3594595195002485,0.25474605335730116,0.3857944271424503
6090,0,0,0.7050786179277472,0.18109762426395484,0.11382375780829791
6091,2,2,0.1700458757468871,0.2400083265845131,0.5899457976685998
6092,1,2,0.30578891692294746,0.2537895591628079,0.44042152391424466
6093,2,2,0.16864674329260548,0.21984831927887308,0.6115049374285215
6094,0,0,0.37881516934463544,0.2966822019999378,0.3245026286554267
6095,1,0,0.3709001984518876,0.26057569710632617,0.36852410444178624
6096,2,0,0.4490211416981975,0.29694009100889046,0.254038767292912
6097,1,0,0.6027467142398478,0.21759387105929542,0.17965941470085675
6098,1,0,0.5374013082416881,0.2503888995519439,0.21220979220636804
6099,2,2,0.23944545542425866,0.24775997107293965,0.5127945735028017
6100,2,2,0.02324554144612617,0.09247627893644973,0.884278179617424
