,Outcome,Prediction,ProbA,ProbD,ProbH
6120,0,2,0.27442570333456034,0.28681719522027493,0.4387571014451646
6121,0,0,0.3947732350773129,0.2623141503655726,0.34291261455711447
6122,1,0,0.4926458351814876,0.22015953079529663,0.2871946340232157
6123,1,2,0.3017384290601882,0.23643239070046698,0.46182918023934466
6124,2,0,0.37318559046466676,0.2611057561113687,0.3657086534239646
6125,0,2,0.3277314681673164,0.2579641629230203,0.4143043689096632
6126,1,2,0.1535831500458438,0.22071520654250484,0.6257016434116514
6127,0,2,0.3026366155760517,0.26698042419225765,0.43038296023169065
6128,2,2,0.11549533983210605,0.17869343743827978,0.705811222729614
6129,2,2,0.18805675456586632,0.2517835845605531,0.5601596608735806
6130,0,0,0.4492238044709611,0.24746690401689403,0.30330929151214486
6131,2,2,0.07376066439625832,0.1269709853966236,0.7992683502071182
6132,0,0,0.4151368056378189,0.25610028415724795,0.3287629102049331
6133,1,2,0.3105047883856686,0.2801661186370997,0.4093290929772317
6134,1,2,0.36170531795224314,0.23495453048492723,0.4033401515628296
6135,0,0,0.4130731401335133,0.25686566852627474,0.33006119134021195
6136,2,2,0.17089546110800277,0.2376818617898039,0.5914226771021933
6137,2,2,0.07755350921451319,0.13578713500812264,0.7866593557773641
6138,2,2,0.12177808352627606,0.18540139861060703,0.692820517863117
6139,0,0,0.38064343807455026,0.2773415873561144,0.34201497456933533
6140,0,0,0.6250836136238056,0.20046748993507316,0.17444889644112127
6141,2,0,0.5072214824544372,0.23311687820295396,0.25966163934260883
6142,0,2,0.24858788331300893,0.2726261326426262,0.47878598404436484
6143,1,2,0.11937091444297537,0.1833177489519345,0.6973113366050903
6144,1,2,0.15146514768029462,0.21840713459228522,0.6301277177274202
6145,1,2,0.13129668969087804,0.19689834798518488,0.6718049623239372
6146,0,0,0.5678723465385198,0.21937852597377028,0.21274912748770997
6147,2,2,0.23015750366711277,0.24732153434352813,0.5225209619893592
6148,1,2,0.34954656087677755,0.26000606533392545,0.39044737378929706
6149,1,0,0.42687744592643073,0.24506441146592792,0.3280581426076414
6150,0,2,0.16228000026829964,0.2293380618611371,0.6083819378705634
6151,0,2,0.1921729928231193,0.24922706829522245,0.5585999388816583
6152,1,0,0.4410966070990118,0.2738638244663653,0.285039568434623
6153,0,2,0.21588692225141562,0.2724077745129541,0.5117053032356303
6154,1,2,0.1509805405105206,0.21814350322989481,0.6308759562595847
6155,0,2,0.21228278958690705,0.2686057653419498,0.5191114450711432
6156,2,2,0.27177492819335625,0.2696878486830741,0.4585372231235697
6157,2,2,0.10533052569531112,0.16671590473622266,0.7279535695684664
6158,0,0,0.5470439826628143,0.21587859751373764,0.23707741982344804
6159,2,2,0.3684665569794378,0.25670529791094654,0.3748281451096157
6160,0,0,0.5041003112929181,0.22991478441268032,0.2659849042944015
6161,0,0,0.5634500836338893,0.21538252057403837,0.2211673957920724
6162,2,2,0.13179766347637636,0.19722489382235114,0.6709774427012725
6163,2,2,0.14023517753845885,0.20626227770716318,0.6535025447543779
6164,2,2,0.35703167953773174,0.2698840930722291,0.3730842273900392
6165,2,2,0.12809879598677357,0.1932161307308948,0.6786850732823316
6166,2,2,0.19475635433544805,0.233656309188338,0.571587336476214
6167,2,0,0.3884701381663279,0.26735218854556564,0.34417767328810633
6168,2,2,0.11004835287934632,0.172138266616245,0.7178133805044087
6169,2,2,0.2004844345412964,0.266003449160388,0.5335121162983155
6170,0,0,0.560676571024037,0.2252361513918418,0.21408727758412116
6171,0,2,0.12740559966946874,0.19200138282440607,0.6805930175061252
6172,2,2,0.2655334459525062,0.26162341502874603,0.4728431390187478
6173,2,2,0.15837102667559394,0.2249471685413324,0.6166818047830737
6174,2,2,0.26884976351366346,0.2701898743565796,0.46096036212975705
6175,2,2,0.2012544178440484,0.24272387785042335,0.5560217043055282
6176,1,2,0.18576896377590568,0.23772799942777875,0.5765030367963156
6177,1,0,0.6075167556850364,0.2010051194562404,0.19147812485872315
6178,0,0,0.5361820215820792,0.24154560665268315,0.22227237176523773
6179,1,2,0.2763871428294313,0.22233866694719878,0.5012741902233699
6180,2,2,0.1148151767025548,0.1779290680412948,0.7072557552561505
6181,2,2,0.08115225190397687,0.13655935818141704,0.782288389914606
6182,0,2,0.2912994547552702,0.24955796538288086,0.459142579861849
6183,2,2,0.275315079470753,0.2705829963635721,0.4541019241656749
6184,0,0,0.4045420176328856,0.25131212661426827,0.3441458557528462
6185,2,2,0.11540769405476209,0.17869318189525374,0.7058991240499841
6186,1,2,0.3040184201998615,0.27345103056231357,0.42253054923782485
6187,0,2,0.3516021340289809,0.25453875879503846,0.3938591071759806
6188,2,2,0.22210470081301956,0.2674958649176335,0.510399434269347
6189,0,0,0.6128354830253511,0.212984607703639,0.17417990927100985
6190,2,2,0.15015663233358598,0.2167269546999218,0.6331164129664922
6191,2,2,0.33236572577545437,0.24424556590659569,0.4233887083179499
6192,2,2,0.2187341643452419,0.25044150131320897,0.5308243343415492
6193,2,2,0.1756805332379849,0.2337068124889849,0.5906126542730301
6194,2,0,0.43131393990719186,0.2526783233636428,0.3160077367291653
6195,2,2,0.19722248592722444,0.2415471575127946,0.561230356559981
6196,2,2,0.1166505968536381,0.17952062706148422,0.7038287760848777
6197,0,0,0.630803675470436,0.20279463318916,0.16640169134040403
6198,2,0,0.5015736430199496,0.22621830152642872,0.27220805545362176
6199,2,2,0.0777884449941665,0.13316563764302342,0.7890459173628102
6200,1,0,0.5180118054128019,0.24572131269982989,0.2362668818873683
6201,0,2,0.18480462785812016,0.22904888826864378,0.586146483873236
6202,0,0,0.6023292969490653,0.20017072309819162,0.19749997995274307
6203,0,2,0.11763303094184556,0.18086911574960568,0.7014978533085487
6204,2,0,0.5936619581253783,0.20889305648987855,0.19744498538474312
6205,0,0,0.4288979979822159,0.2516610399706391,0.31944096204714506
6206,2,2,0.27882372419288853,0.2847070472624202,0.4364692285446913
6207,2,2,0.34824414584371227,0.25847425190515727,0.3932816022511304
6208,2,2,0.22961084898979722,0.2658219159350815,0.5045672350751212
6209,1,2,0.1657950462265196,0.23307663687378352,0.6011283168996968
6210,2,2,0.09162914742729666,0.15005328222500797,0.7583175703476953
6211,2,2,0.2967156861843177,0.2644501962333527,0.43883411758232954
6212,2,2,0.19610464967962501,0.2505881990821662,0.5533071512382088
6213,0,2,0.13385828037917133,0.19922366642335637,0.6669180531974723
6214,2,2,0.15549469728728768,0.22187572264814942,0.6226295800645628
6215,1,2,0.21793165744768586,0.2516934686404197,0.5303748739118944
6216,0,2,0.19513267676185864,0.2347000651274157,0.5701672581107257
6217,0,2,0.24412028346545012,0.25898508631628187,0.4968946302182679
6218,2,2,0.17637017409296418,0.20473135460694042,0.6188984713000955
6219,0,0,0.6352958507008488,0.20025077601964553,0.16445337327950568
6220,2,2,0.2619018857577102,0.27482068081256666,0.46327743342972305
6221,1,0,0.48772731489621735,0.23436103700506528,0.2779116480987174
6222,2,2,0.29394845087376126,0.2503799302393748,0.4556716188868639
6223,2,0,0.46138655645419446,0.2425369090094549,0.29607653453635063
6224,2,2,0.18489610280495433,0.25156280598158665,0.563541091213459
6225,2,2,0.23999804541667957,0.25366743143858533,0.5063345231447351
6226,0,0,0.5353386012230148,0.22256546725095233,0.24209593152603284
6227,1,0,0.46113179127429726,0.24773436263107138,0.2911338460946315
6228,0,2,0.258364463280017,0.25993575053383866,0.48169978618614434
6229,2,2,0.188887045642026,0.24943169574931157,0.5616812586086625
6230,2,2,0.26289699098746244,0.2735292189953506,0.46357379001718685
6231,2,2,0.17115032471109543,0.2383297146539719,0.5905199606349327
6232,2,2,0.09766174456322946,0.15750262068560428,0.7448356347511662
6233,2,2,0.08990696687160929,0.15365209194822252,0.7564409411801681
6234,2,0,0.5692490061796223,0.21926144907952358,0.211489544740854
6235,2,2,0.16592264246986613,0.2241316370538426,0.6099457204762914
6236,2,2,0.09609034584955259,0.15557484817878725,0.7483348059716601
6237,0,0,0.5076764756401383,0.24341820217594992,0.2489053221839118
6238,2,2,0.10901438020274969,0.17088713144911888,0.7200984883481315
6239,2,2,0.33380815235278327,0.27117672025116524,0.39501512739605155
6240,1,2,0.2941636728838538,0.28277874715520557,0.4230575799609406
6241,1,2,0.3739112002463069,0.24028291954714143,0.3858058802065516
6242,2,2,0.15578589423386746,0.2130244034919703,0.6311897022741623
6243,1,2,0.14782395058422038,0.2147093249374332,0.6374667244783464
6244,2,2,0.30113112463859704,0.2566956340867781,0.4421732412746249
6245,2,0,0.5866623598968486,0.22669829707103348,0.18663934303211782
6246,2,2,0.2245456245799273,0.23941343226479633,0.5360409431552763
6247,2,2,0.3108858781969245,0.27867689117112376,0.4104372306319517
6248,2,0,0.390390269233036,0.26609715978307025,0.34351257098389365
6249,2,2,0.18553893781046835,0.25206423476087375,0.5623968274286579
6250,0,2,0.34838719053299255,0.23037808378731914,0.42123472567968834
6251,0,2,0.3613906227224026,0.2597400740925761,0.3788693031850212
6252,2,2,0.09936881475448507,0.15927375896039717,0.7413574262851177
6253,2,2,0.10160652440499242,0.16308695871367113,0.7353065168813364
6254,1,0,0.6201651596836736,0.2037475660829244,0.1760872742334021
6255,0,2,0.09084311515504348,0.14882382353950818,0.7603330613054483
6256,1,0,0.5713274568901988,0.23128120869299115,0.19739133441681012
6257,2,2,0.09148121027031793,0.14974685950797934,0.7587719302217028
6258,2,2,0.2566110126125068,0.2477753328695442,0.49561365451794903
6259,0,0,0.5506004220523874,0.24409178612349006,0.20530779182412248
6260,1,0,0.4129917905755613,0.2337468372325908,0.35326137219184806
6261,0,2,0.17827150550083282,0.24107776858146004,0.5806507259177072
6262,0,2,0.3018849874151842,0.24929995430819546,0.4488150582766204
6263,1,2,0.27415476720890264,0.28195674347434757,0.4438884893167498
6264,0,2,0.16999831900776846,0.23721216910364276,0.5927895118885889
6265,1,0,0.39997213213838984,0.2704262890108031,0.329601578850807
6266,2,0,0.3819489139638116,0.25925984899793536,0.3587912370382531
6267,0,2,0.18564011854973003,0.2519695099439256,0.5623903715063443
6268,0,2,0.15419615136197667,0.2184851971236961,0.6273186515143271
6269,2,2,0.3614147956160405,0.26932324140998265,0.36926196297397684
6270,2,2,0.36076311748264156,0.23364239123673533,0.4055944912806231
6271,2,2,0.33506859686845186,0.2321552399594447,0.4327761631721034
6272,0,2,0.21213910656942575,0.25425452937078874,0.5336063640597855
6273,2,0,0.43636746920978736,0.24734331376665322,0.3162892170235593
6274,1,2,0.18679925747444123,0.25352385234675706,0.5596768901788017
6275,2,2,0.08023997727442331,0.14184594985030488,0.7779140728752718
6276,2,0,0.46654755956854466,0.25364455061163443,0.2798078898198209
6277,1,2,0.21834495798137965,0.2554893161695393,0.526165725849081
6278,2,2,0.08300028514350538,0.14052739708901063,0.7764723177674839
6279,2,2,0.15462995076152905,0.2218538369831583,0.6235162122553126
6280,0,0,0.49666057449831785,0.22662805348046178,0.2767113720212206
6281,2,2,0.15488585191821144,0.22206490027611275,0.6230492478056758
6282,1,0,0.381253576891942,0.26986596735756807,0.3488804557504899
6283,0,0,0.39480554603732576,0.2523061724249438,0.3528882815377304
6284,2,2,0.18740552081300638,0.2222851573397456,0.5903093218472479
6285,1,2,0.16609211904987228,0.23355112978617174,0.600356751163956
6286,0,2,0.14225945022670744,0.20833382720291743,0.6494067225703751
6287,1,0,0.6041997299716063,0.21141652281062537,0.1843837472177682
6288,2,2,0.11197110089110424,0.1745273864613243,0.7135015126475714
6289,2,0,0.3729122243124061,0.27457684030074586,0.35251093538684813
6290,2,0,0.43993453963706347,0.2593102874369472,0.3007551729259893
6291,2,2,0.19214215424220332,0.2584904745322367,0.5493673712255599
6292,0,2,0.3352209569253122,0.2569947418838328,0.407784301190855
6293,0,0,0.4462708121385624,0.23851106304266623,0.3152181248187715
6294,0,2,0.1881576896037253,0.2470060538696532,0.5648362565266215
6295,1,2,0.19706384740783342,0.24811952949166144,0.5548166231005051
6296,1,2,0.1361556481264556,0.20214650907263612,0.6616978428009082
6297,2,0,0.4944468219608665,0.2239582040654054,0.2815949739737282
6298,1,2,0.1736599738416013,0.24024931465411936,0.5860907115042794
6299,1,2,0.2125133741886923,0.23135152118411154,0.5561351046271962
6300,2,2,0.15293905663747065,0.22018181931037886,0.6268791240521506
6301,1,0,0.49378779690460783,0.2449183600658557,0.2612938430295365
6302,2,2,0.10229207055556885,0.16320460257166675,0.7345033268727645
6303,2,2,0.13195671625574537,0.1972539154577641,0.6707893682864906
6304,2,0,0.442986052180341,0.26855463937912083,0.2884593084405382
6305,2,2,0.27602734252487415,0.2827234793980707,0.4412491780770552
6306,2,0,0.3852946660565685,0.25061967306544974,0.3640856608779818
6307,1,2,0.28292126439826787,0.2620350974351952,0.455043638166537
6308,2,2,0.28668071477592855,0.22830653340488474,0.48501275181918685
6309,2,2,0.21905474105633096,0.25562991129058676,0.5253153476530823
6310,2,2,0.29336107347933893,0.2537610389596172,0.45287788756104386
6311,1,2,0.16690177405986167,0.23440186127585413,0.5986963646642842
6312,2,2,0.09902930852436777,0.15880526098884348,0.7421654304867887
6313,1,2,0.1795075556988599,0.24615929247908175,0.5743331518220584
6314,2,0,0.5935744727297655,0.2182986660825153,0.1881268611877193
6315,2,2,0.17476640879015717,0.24170461426395332,0.5835289769458896
6316,2,2,0.3062174468827525,0.2809426558522975,0.41283989726495013
6317,2,2,0.21445610603559728,0.24323058142599546,0.5423133125384072
6318,0,0,0.6087556662010093,0.2144920733938799,0.1767522604051107
6319,1,2,0.22017305029185333,0.2395384151255364,0.5402885345826103
6320,2,2,0.2708860300146357,0.24446787395266065,0.48464609603270364
6321,2,2,0.10741730242483552,0.16942689276973566,0.7231558048054288
6322,0,2,0.29516070518553716,0.2704407716932959,0.43439852312116684
6323,1,2,0.28748909970440145,0.26590253184341633,0.44660836845218227
6324,0,0,0.577975236723657,0.21645256825956047,0.20557219501678253
6325,0,2,0.2513034412388834,0.2666796690389898,0.4820168897221268
6326,2,2,0.2908238483567995,0.2727310203543906,0.43644513128880996
6327,2,2,0.1279695246193438,0.1931823574215404,0.6788481179591158
6328,1,2,0.14426966538246092,0.21058301379086725,0.6451473208266718
6329,0,2,0.17651502242698014,0.2437811300439547,0.5797038475290652
6330,2,0,0.5371579439148031,0.2308569168569207,0.23198513922827635
6331,2,2,0.10796830331170167,0.17195773833839476,0.7200739583499036
6332,0,0,0.4866107106413154,0.2281084413216208,0.2852808480370637
6333,2,0,0.551783341827751,0.2166787729074748,0.23153788526477412
6334,2,0,0.3636481605420857,0.27321755612014387,0.36313428333777054
6335,1,0,0.3752773384363151,0.2832677266227582,0.34145493494092666
6336,1,2,0.26327448413496646,0.2586772282139587,0.4780482876510748
6337,2,0,0.4733916011842014,0.25144574310241985,0.2751626557133787
6338,0,2,0.14339294345251669,0.20994751466904107,0.6466595418784422
6339,2,2,0.23075251061045857,0.2514805531806861,0.5177669362088554
6340,1,2,0.18823308680749745,0.21072040094265285,0.6010465122498497
6341,2,2,0.16978460509479582,0.22929791740682254,0.6009174774983816
6342,0,2,0.1869565493509967,0.22922535972921362,0.5838180909197896
6343,1,2,0.1798776549021296,0.24650608852625244,0.573616256571618
6344,2,2,0.10413569778359477,0.16488878022693756,0.7309755219894677
6345,2,0,0.36888958864921295,0.26337601664771426,0.36773439470307273
6346,2,0,0.4344160515921029,0.24533174101979097,0.32025220738810617
6347,0,0,0.4611363754415849,0.2237851405313223,0.3150784840270929
6348,2,2,0.29892444287229314,0.2724885685487982,0.4285869885789087
6349,2,2,0.12066913318724007,0.1844961578670582,0.6948347089457018
6350,2,2,0.2536550603740408,0.2599198380082695,0.4864251016176898
6351,0,0,0.5380745843435771,0.2230195123872286,0.2389059032691943
6352,2,2,0.16564478396774598,0.23281029257521207,0.601544923457042
6353,0,0,0.5847925259048732,0.21565301361959022,0.19955446047553657
6354,2,2,0.11246832904962567,0.1752300484096523,0.7123016225407219
6355,0,2,0.30175803800595635,0.26355271434683486,0.4346892476472088
6356,2,2,0.1516455299137129,0.2181195038431084,0.6302349662431787
6357,0,0,0.57719708375173,0.20968839901401762,0.21311451723425245
6358,0,0,0.5307207086215165,0.22434972722836105,0.24492956415012238
6359,0,2,0.31992532605050694,0.2530623622969455,0.42701231165254755
6360,1,2,0.2976501509441279,0.2628040662858491,0.43954578277002293
6361,1,2,0.09827928130353435,0.1626286333826462,0.7390920853138195
6362,2,2,0.18803056157248615,0.2501874161202564,0.5617820223072574
6363,2,2,0.062383505088358444,0.11203786092017096,0.8255786339914706
6364,0,0,0.39606292167165924,0.2500776296253748,0.35385944870296593
6365,0,0,0.4097298600393269,0.27018304543524485,0.3200870945254284
6366,1,2,0.3108609849182397,0.2433411046399487,0.44579791044181166
6367,2,2,0.33460391985751226,0.28539020191462533,0.3800058782278625
6368,2,2,0.11086448760354069,0.1735205332668765,0.7156149791295829
6369,2,2,0.13250594220418083,0.19799402958337872,0.6695000282124405
6370,2,2,0.35263223160834367,0.28242304064668644,0.36494472774496994
6371,1,0,0.5132488621952156,0.2417259158332471,0.24502522197153723
6372,2,2,0.15405866367964655,0.22122710948257876,0.6247142268377748
6373,2,2,0.12937379787632505,0.19458797085653767,0.6760382312671374
6374,2,2,0.0965629663489053,0.15579917228614248,0.7476378613649522
6375,2,2,0.29019069596331304,0.25854711657430257,0.45126218746238445
6376,1,2,0.31098544990669374,0.27476744238202583,0.41424710771128037
6377,1,0,0.5796504759272281,0.21643425235317285,0.20391527171959895
6378,1,0,0.38092793380156753,0.2505881844213771,0.36848388177705543
6379,2,2,0.1929800777134929,0.2581232207605838,0.5488967015259233
6380,0,2,0.19617033334064532,0.26217825207773043,0.5416514145816242
6381,1,2,0.0799228233216132,0.13501312409841015,0.7850640525799766
6382,2,0,0.5460926936745336,0.2149349731462968,0.23897233317916955
6383,1,0,0.4842224615971023,0.25129364359234263,0.2644838948105552
6384,0,0,0.502730921919646,0.2301668219479431,0.2671022561324109
6385,2,2,0.08639243247242828,0.14328468065247202,0.7703228868750996
6386,0,2,0.2898953887666769,0.26456285624680287,0.44554175498652016
6387,1,2,0.11793580355670112,0.18140761921312262,0.7006565772301763
6388,0,0,0.5638553710926603,0.2301690345860641,0.20597559432127563
6389,1,2,0.1319609264383683,0.1973738225857656,0.670665250975866
6390,2,2,0.13821922639221323,0.20273044594727407,0.6590503276605127
6391,0,0,0.44896617592134186,0.2521065645583744,0.29892725952028365
6392,1,2,0.20486259998155096,0.24839678087986458,0.5467406191385845
6393,0,0,0.6084395379653925,0.21548123145571252,0.176079230578895
6394,1,2,0.30492655802612767,0.2572192635077385,0.4378541784661339
6395,1,2,0.14714478630755426,0.21330507271357627,0.6395501409788694
6396,0,0,0.6133475284791242,0.20093718494134333,0.18571528657953246
6397,2,0,0.5242278297346347,0.23322724951642956,0.24254492074893583
6398,1,2,0.2981934451216063,0.2874963114658006,0.4143102434125931
6399,2,2,0.14897598638484189,0.21430485198528493,0.6367191616298732
6400,0,2,0.35576973133922096,0.26744187533053965,0.37678839333023945
6401,1,2,0.23696936889818476,0.2758998546310144,0.48713077647080083
6402,2,0,0.4808010682246904,0.2287569923546215,0.290441939420688
6403,1,0,0.42142056068960654,0.23473379068857259,0.3438456486218209
6404,1,0,0.5446754794074211,0.24008805552352083,0.21523646506905808
6405,2,2,0.08845686690044247,0.1518057171628049,0.7597374159367526
6406,2,2,0.08203533184138159,0.13771685084947058,0.7802478173091478
6407,2,2,0.1135283999378269,0.1761569483720296,0.7103146516901435
6408,0,0,0.41013939557983536,0.2563724893073189,0.3334881151128457
6409,2,2,0.2410411351847787,0.2601613931667184,0.49879747164850285
6410,0,0,0.6055387800486652,0.20134341606999556,0.19311780388133917
6411,0,2,0.3262243560562571,0.25552712391485494,0.41824852002888807
6412,2,2,0.08015041950545053,0.1385591460263534,0.7812904344681961
6413,2,2,0.15737097534147756,0.22478039955308426,0.6178486251054381
6414,1,2,0.18711226942106965,0.2534018319265856,0.5594858986523448
6415,0,0,0.5830900799604104,0.2299063143847424,0.18700360565484717
6416,2,0,0.40544444121535717,0.2783826587210143,0.3161729000636284
6417,0,2,0.22944770134194548,0.26328638700173584,0.5072659116563186
6418,0,0,0.6139604626447329,0.19879239452029207,0.18724714283497498
6419,2,2,0.16972876130658238,0.23289360158876823,0.5973776371046494
6420,2,2,0.1279191439999379,0.19306396678402185,0.6790168892160402
6421,0,2,0.3523565557575035,0.25671290923473616,0.39093053500776037
6422,2,2,0.0863928404072942,0.14540799009896346,0.7681991694937423
6423,2,2,0.23113431550181557,0.26542495824175905,0.5034407262564253
6424,1,2,0.30467421502921627,0.25482133450833616,0.4405044504624476
6425,1,2,0.3452572618080329,0.271568877737894,0.3831738604540731
6426,2,2,0.10529083983140275,0.16644487608954547,0.7282642840790517
6427,0,0,0.5316544538496719,0.2205539279147665,0.2477916182355616
6428,2,2,0.1624559749007748,0.22937033642582944,0.6081736886733957
6429,1,2,0.3117059155736926,0.23711024660798552,0.4511838378183219
6430,1,2,0.31550134245402683,0.2505217839695128,0.4339768735764603
6431,2,2,0.08896210137565166,0.14662134498668303,0.7644165536376653
6432,0,2,0.1248353998995295,0.18958112849479827,0.6855834716056722
6433,0,0,0.6433643094080663,0.19301093225966856,0.16362475833226517
6434,1,0,0.5333741173268193,0.23560540010699796,0.23102048256618274
6435,1,2,0.21387286915683065,0.2778020777924415,0.508325053050728
6436,2,2,0.15421027111646352,0.22152016235507516,0.6242695665284613
6437,1,2,0.12107497401683052,0.18535066469420025,0.6935743612889692
6438,2,2,0.17579462316578448,0.24273302572822555,0.5814723511059899
6439,0,0,0.49488827220539017,0.2507031270650749,0.2544086007295349
6440,2,2,0.10855428981858446,0.17040691064758193,0.7210387995338337
6441,2,2,0.14759390726092564,0.21454714963571317,0.6378589431033611
6442,2,2,0.16308343505420692,0.23043302225280257,0.6064835426929904
6443,2,2,0.2539319021180086,0.2732616471237541,0.4728064507582373
6444,0,2,0.20945116425259516,0.22727036161917635,0.5632784741282285
6445,2,0,0.48317741627702515,0.24960927858722515,0.26721330513574965
6446,1,2,0.13477007209268616,0.200332073656238,0.6648978542510758
6447,0,2,0.15539192197208582,0.2225210303013212,0.622087047726593
6448,1,2,0.1747871620086431,0.24182652981990832,0.5833863081714484
6449,1,0,0.48773013148552685,0.22718259200038377,0.28508727651408944
6450,0,2,0.20128517157613918,0.25157550130379,0.5471393271200709
6451,2,2,0.24584087743454533,0.2545661726481902,0.4995929499172645
6452,1,2,0.27133251043645823,0.2705005968422575,0.4581668927212842
6453,2,2,0.07755333651767757,0.1379044530218588,0.7845422104604637
6454,1,2,0.2820781276592375,0.24574863067799763,0.47217324166276486
6455,0,0,0.5550784244861705,0.21698656100434346,0.22793501450948606
6456,0,2,0.32980526560111173,0.2789800614342754,0.3912146729646128
6457,2,2,0.09456731545960481,0.15361424022191858,0.7518184443184766
6458,0,2,0.21507595170794444,0.2432581409872102,0.5416659073048454
6459,1,2,0.295321283819545,0.25925534996108107,0.4454233662193739
6460,0,2,0.2808884570956819,0.26930994213159215,0.44980160077272596
6461,0,0,0.5679906758794269,0.22627489885251306,0.20573442526806018
6462,0,0,0.5368814275341225,0.22112449551307894,0.2419940769527986
6463,1,2,0.24511615351947771,0.2543350037600829,0.5005488427204394
6464,2,0,0.38988770663271505,0.23465779054857536,0.3754545028187096
6465,0,0,0.6225270243422822,0.20387850653132705,0.17359446912639062
6466,0,2,0.1857452237304247,0.25252324131950665,0.5617315349500687
6467,2,2,0.11134259817602443,0.17345241369678235,0.7152049881271931
6468,2,2,0.3020769797045423,0.25898900757050064,0.438934012724957
6469,0,2,0.343214083842866,0.25839645852806065,0.39838945762907324
6470,2,2,0.07994184793758746,0.13541503620420786,0.7846431158582046
6471,0,2,0.1291121609509289,0.1940763951111437,0.6768114439379274
6472,2,2,0.18128664020498783,0.23053166540801978,0.5881816943869924
6473,1,0,0.6159587007625721,0.20467442087385218,0.17936687836357576
6474,0,2,0.228683987055623,0.284481412549759,0.48683460039461807
6475,0,2,0.2153843187184783,0.26895921026427205,0.5156564710172497
6476,2,2,0.18852762055418637,0.22274072762440245,0.5887316518214112
6477,1,0,0.4716688186020958,0.2496557743215983,0.2786754070763059
6478,0,2,0.16438911799710715,0.23147639781987364,0.6041344841830192
6479,0,0,0.5828771616192926,0.2189784228665159,0.19814441551419146
6480,0,2,0.3030708229419788,0.2586028249727774,0.43832635208524373
6481,1,0,0.5432425529802779,0.24446266948194506,0.212294777537777
6482,1,2,0.3186668164837429,0.26763509483463943,0.41369808868161767
6483,0,0,0.43458286668334817,0.23788676656314556,0.3275303667535064
6484,0,2,0.18766632097622518,0.23761338048208572,0.574720298541689
6485,2,2,0.28285605983290046,0.27880736955379615,0.43833657061330333
6486,1,2,0.2820532996703508,0.227949551192419,0.4899971491372302
6487,2,2,0.17637973591029965,0.23511718393270767,0.5885030801569927
6488,2,2,0.15794526837415307,0.2253455608925584,0.6167091707332886
6489,0,2,0.18459270834606556,0.23109978291946545,0.5843075087344689
6490,0,2,0.27409466677009015,0.2702552442741398,0.45565008895576997
6491,0,2,0.28350172474307,0.2705984356600137,0.4458998395969162
6492,2,2,0.10043212124324631,0.16170916583862163,0.737858712918132
6493,1,2,0.23523011392635,0.24707406189993233,0.5176958241737176
6494,0,2,0.32446663129332126,0.22944609506080288,0.44608727364587586
6495,0,2,0.34712100033325166,0.2737946827659363,0.37908431690081207
6496,0,0,0.4853714106248096,0.23869066351523963,0.2759379258599507
6497,0,0,0.5470130403231408,0.22242089002386378,0.23056606965299542
6498,2,2,0.2774510526289786,0.27687531947614286,0.4456736278948786
6499,0,2,0.34064359975260633,0.2700951697902661,0.3892612304571275
6500,2,2,0.10534633448402474,0.166346333347275,0.7283073321687002
6501,1,2,0.18941712249901677,0.2559333083789473,0.5546495691220359
6502,1,0,0.44282836675593207,0.24863951818583654,0.30853211505823147
6503,1,0,0.3900293151429271,0.2526851947001566,0.35728549015691624
6504,2,2,0.20547697136923226,0.21222480273736047,0.5822982258934072
6505,0,2,0.19166091302216756,0.2575508043721914,0.550788282605641
6506,1,2,0.22914122539809204,0.2471279839506106,0.5237307906512974
6507,2,2,0.22533384230799283,0.2540328326616244,0.5206333250303827
6508,2,2,0.11211685254477159,0.17495090766445703,0.7129322397907715
6509,2,2,0.32960846418729806,0.2576748300085785,0.4127167058041234
6510,0,0,0.6013022118754358,0.200523142311334,0.19817464581323022
6511,0,2,0.1017670197968281,0.16227570175489966,0.7359572784482722
6512,2,2,0.2650769534549639,0.26939185416903855,0.4655311923759975
6513,0,2,0.26588510099439766,0.24686144295459875,0.4872534560510037
6514,1,0,0.37467066808366367,0.28705850008665057,0.3382708318296856
6515,0,0,0.6304109588401235,0.20266110972215395,0.16692793143772255
6516,2,2,0.16815453934108857,0.2352112155006067,0.5966342451583048
6517,0,2,0.129976194456166,0.19525770202813966,0.6747661035156943
6518,2,0,0.39216090435022966,0.254052611566323,0.3537864840834473
6519,0,2,0.2176646365132802,0.24811407287183962,0.5342212906148801
6520,2,2,0.37777238742223446,0.23474889810188607,0.3874787144758795
6521,2,2,0.0848167710345964,0.14271417793184749,0.772469051033556
6522,1,0,0.48761243524937786,0.24357913473296866,0.2688084300176535
6523,2,2,0.27447845629051054,0.27110835629704627,0.4544131874124432
6524,1,2,0.1776084391551412,0.24430696126501464,0.5780845995798441
6525,2,2,0.24064772485499097,0.2591037382176485,0.5002485369273606
6526,1,2,0.2088855424169508,0.24242623865167598,0.5486882189313732
6527,1,2,0.14668007107470718,0.21339796685750223,0.6399219620677906
6528,2,0,0.3891595491531758,0.2325219373746239,0.3783185134722003
6529,2,2,0.2239186469053224,0.24586447676276776,0.5302168763319098
6530,0,2,0.3650779029049411,0.23230495253238076,0.4026171445626781
6531,1,2,0.3255572622488783,0.27864604204130317,0.39579669570981846
6532,0,2,0.29754650439388014,0.27814339128014076,0.424310104325979
6533,0,0,0.5594781051604958,0.22907113631934092,0.21145075852016323
6534,1,0,0.41908477461543486,0.26420169529818827,0.31671353008637676
6535,2,2,0.2606678940355255,0.24445772696822823,0.49487437899624637
6536,2,2,0.24534769598695377,0.23733816824126036,0.5173141357717858
6537,2,2,0.1500700026352495,0.21705563839294345,0.6328743589718071
6538,2,2,0.15455760206332447,0.22102419423954595,0.6244182036971296
6539,0,2,0.21269188221557622,0.25173355310132145,0.5355745646831023
6540,1,0,0.6020441400097332,0.2149872555113498,0.18296860447891705
6541,0,0,0.5351762488327213,0.21974581804536425,0.2450779331219145
6542,2,2,0.19671247674466996,0.23251181889570713,0.5707757043596229
6543,2,2,0.12491392757153724,0.18935134431115203,0.6857347281173107
6544,2,2,0.228086491487994,0.2574775515643927,0.5144359569476132
6545,0,0,0.3913971298739745,0.24930098640718734,0.35930188371883814
6546,0,2,0.3232990909498441,0.2682949546766295,0.4084059543735264
6547,2,2,0.23088823539550973,0.27496225948207675,0.4941495051224134
6548,0,0,0.526545345978071,0.24103360979531022,0.23242104422661877
6549,2,2,0.20971820918220924,0.2630843529271957,0.527197437890595
6550,1,2,0.2338735504603552,0.22564709593503474,0.5404793536046101
6551,1,2,0.23336201247815483,0.25492926338390814,0.511708724137937
6552,2,2,0.2165975947900897,0.26614707732038445,0.5172553278895258
6553,2,2,0.12472742764400799,0.18943871880288612,0.6858338535531058
6554,2,2,0.10474019781990254,0.1659209694923857,0.7293388326877118
6555,1,2,0.278485229840844,0.2817293692468913,0.4397854009122647
6556,1,0,0.4011192710133579,0.23883999870990147,0.36004073027674066
6557,2,0,0.4857535131647085,0.24718797971514223,0.26705850712014934
6558,0,2,0.18934937679870428,0.23179633815510203,0.5788542850461937
6559,1,0,0.4129792646857975,0.26176033543857596,0.32526039987562655
6560,2,2,0.15634145085743795,0.22355301814198508,0.6201055310005771
6561,1,0,0.5069378624521125,0.24206747656124314,0.25099466098664436
6562,0,2,0.16588666774542532,0.23278942975352782,0.6013239025010468
6563,2,2,0.19242902217151017,0.24462938442742302,0.5629415934010669
6564,1,2,0.28310762639486897,0.22281899917064424,0.49407337443448684
6565,2,2,0.26177803138736677,0.23203332105517444,0.5061886475574588
6566,1,2,0.32946522152533797,0.2695136701763572,0.40102110829830473
6567,2,2,0.10927792711308446,0.17139961930775646,0.719322453579159
6568,1,2,0.09441030105323517,0.15486115608110315,0.7507285428656617
6569,2,2,0.16257069227144944,0.22972755041366172,0.607701757314889
6570,0,2,0.19726960794638376,0.24308012192805836,0.5596502701255579
6571,2,2,0.12158513598121756,0.18585521406315614,0.6925596499556262
6572,0,0,0.5961436788191639,0.2083348354272239,0.19552148575361214
6573,2,2,0.1724378594672054,0.23902564491514447,0.5885364956176501
6574,2,0,0.38786723174088983,0.2563304000040196,0.35580236825509065
6575,0,0,0.39365622519463866,0.2735874043115709,0.3327563704937904
6576,2,0,0.39645736561873424,0.2557544323839102,0.3477882019973556
6577,0,0,0.3654053861474213,0.2843237032001823,0.3502709106523964
6578,2,2,0.30995430476056834,0.25091643662585644,0.43912925861357516
6579,1,2,0.16077092194015807,0.22408525329650134,0.6151438247633406
6580,2,2,0.2940899950621267,0.26190118815208935,0.444008816785784
6581,0,2,0.35253802891181074,0.2644439172195053,0.3830180538686841
6582,1,2,0.18185062586419715,0.2096995696236183,0.6084498045121846
6583,0,2,0.34814610147819347,0.25401010700046545,0.3978437915213411
6584,0,0,0.6261366076412519,0.20543909741129796,0.1684242949474501
6585,1,0,0.40855361667470663,0.24774013131222908,0.3437062520130644
6586,0,2,0.2618809987431503,0.2571553893489281,0.48096361190792164
6587,1,2,0.10279005152099818,0.16380713378776848,0.7334028146912333
6588,2,2,0.2728833511770025,0.2638317830683524,0.463284865754645
6589,2,2,0.2603036384508135,0.27321998878682635,0.46647637276236004
6590,2,2,0.3608680112645304,0.24046756545297832,0.39866442328249124
6591,1,2,0.16722892672321385,0.23438442935435613,0.5983866439224301
6592,1,2,0.24612463621091255,0.2729943669515815,0.4808809968375059
6593,2,2,0.07400587015469065,0.13104694467399366,0.7949471851713156
6594,0,0,0.3816861286462942,0.26954440696553067,0.34876946438817513
6595,0,2,0.1550230570846067,0.21853021153353444,0.6264467313818589
6596,0,0,0.4858151339623462,0.25191873142167964,0.26226613461597403
6597,2,2,0.16231651672755767,0.22895118554629032,0.608732297726152
6598,2,2,0.12368375512744345,0.18836260685636608,0.6879536380161905
6599,0,0,0.3830260432714337,0.2663435883316337,0.3506303683969327
6600,2,2,0.12046035076703542,0.184214115377529,0.6953255338554357
6601,2,0,0.3811495278616245,0.25542935549130236,0.3634211166470732
6602,0,0,0.4911632696796552,0.22006242002118537,0.28877431029915945
6603,1,2,0.1211455963925069,0.1849161839914957,0.6939382196159973
6604,2,2,0.21704875964489478,0.272870504093805,0.5100807362613001
6605,2,2,0.14323651013747024,0.2095164813936493,0.6472470084688804
6606,0,2,0.23434358654920748,0.24203059246437642,0.5236258209864161
6607,2,0,0.5745016269670377,0.23440606603767788,0.19109230699528432
6608,0,0,0.48718291627842564,0.22793284160581925,0.284884242115755
6609,0,2,0.30140229439554006,0.2521410098720382,0.4464566957324218
6610,0,0,0.6061593445629362,0.2111648039846986,0.1826758514523652
6611,0,0,0.5555510514683841,0.21082213576940412,0.23362681276221184
6612,1,2,0.09234606074885676,0.15089717992445584,0.7567567593266875
6613,2,0,0.37797529458054624,0.26489844547958646,0.3571262599398673
6614,0,2,0.1331067357653018,0.19817718091326506,0.6687160833214331
6615,2,2,0.11316132271465298,0.1759910115288836,0.7108476657564633
6616,2,2,0.18671428174284274,0.2516525546270775,0.5616331636300798
6617,2,2,0.33619028622572594,0.276124520192324,0.3876851935819502
6618,2,2,0.18935903963770578,0.2294890489832856,0.5811519113790086
6619,0,2,0.30915709478464654,0.2664981419240822,0.42434476329127113
6620,1,2,0.1885829077372309,0.2246151079368627,0.5868019843259064
6621,0,2,0.11670400137646508,0.18017518285616893,0.703120815767366
6622,2,2,0.1866698261911092,0.25342687079345777,0.559903303015433
6623,2,0,0.5285934369939048,0.2325784113784292,0.23882815162766602
6624,2,2,0.13695372450128776,0.2024022879679166,0.6606439875307956
6625,0,0,0.40094668381668175,0.2575325476908326,0.3415207684924857
6626,2,2,0.2129700435736622,0.2655028915485104,0.5215270648778273
6627,2,0,0.595879608873708,0.21100621794658966,0.1931141731797022
6628,2,2,0.07251307696610125,0.12528932173456778,0.802197601299331
6629,0,2,0.23356846422774652,0.2666816767646054,0.49974985900764807
6630,1,2,0.1240322122334465,0.18860984177470316,0.6873579459918504
6631,2,2,0.32144245842213237,0.25706537925554185,0.4214921623223258
6632,1,2,0.1438973486225517,0.21010673684746536,0.645995914529983
6633,1,2,0.17909678603636595,0.23520700062723818,0.5856962133363959
6634,2,2,0.1265988657242097,0.19146142454977252,0.6819397097260178
6635,1,0,0.3974719657785542,0.2605277656607751,0.34200026856067073
6636,0,0,0.4059760338824984,0.2617412759321084,0.3322826901853932
6637,0,0,0.40782855283843095,0.2240835106059796,0.36808793655558947
6638,0,2,0.257414599282989,0.28239207526258503,0.4601933254544259
6639,0,0,0.5949496015853366,0.2152551311356689,0.18979526727899443
6640,2,2,0.07229288877880832,0.12655311002719366,0.8011540011939979
6641,0,2,0.2719653617411124,0.2811509054873857,0.4468837327715019
6642,2,0,0.5246688844005276,0.22953603831527886,0.24579507728419342
6643,1,2,0.34275257490310984,0.25456527659091777,0.4026821485059724
6644,1,0,0.3963795132009556,0.2600159382168753,0.34360454858216916
6645,1,0,0.3949779629948571,0.24309747940301588,0.36192455760212705
6646,2,2,0.07606182149670966,0.13716622291764652,0.7867719555856438
6647,1,2,0.22358497909327574,0.25433164826285226,0.522083372643872
6648,2,0,0.45889766175134605,0.24437556358502327,0.29672677466363057
6649,2,2,0.1476127521418703,0.21403190138841605,0.6383553464697136
6650,2,2,0.1637731576917752,0.22346266166450593,0.612764180643719
6651,0,2,0.20032787885709508,0.2526747866281135,0.5469973345147914
6652,2,2,0.0982036516333845,0.15798383308246844,0.743812515284147
6653,1,0,0.5739849773935749,0.21328231443004667,0.2127327081763785
6654,0,0,0.5387499455853183,0.21244032918268188,0.24880972523199985
6655,0,2,0.22357694647676404,0.24297039040313378,0.5334526631201021
6656,2,2,0.2857912855986492,0.2651626506732364,0.4490460637281145
6657,2,0,0.42112729855057257,0.2714202189385771,0.30745248251085033
6658,0,0,0.4874148657295216,0.2416945580609125,0.27089057620956597
6659,2,0,0.44478133709714046,0.25348385491263103,0.3017348079902284
6660,0,0,0.5849958933418606,0.21651688191185467,0.19848722474628466
6661,2,0,0.5368040530371476,0.2309896153758412,0.23220633158701132
6662,2,2,0.11722423368627226,0.18061014812396717,0.7021656181897605
6663,0,2,0.3554823367462944,0.27609681537290837,0.36842084788079726
6664,2,2,0.28681097137388806,0.2707232649932268,0.4424657636328851
6665,0,0,0.42303822634283783,0.25849521341181425,0.3184665602453479
6666,0,0,0.49641814814130586,0.23160824110940856,0.2719736107492854
6667,2,2,0.17730616542612174,0.24383563700341102,0.5788581975704673
6668,2,2,0.20865866494829202,0.24133543156963802,0.5500059034820699
6669,2,2,0.08539946616503863,0.14652873700757704,0.7680717968273844
6670,1,2,0.23873928401744035,0.27704310437991686,0.4842176116026429
6671,1,2,0.21208005648825096,0.25061385257832186,0.5373060909334272
6672,1,2,0.34546416829071336,0.23053776438239115,0.4239980673268954
6673,2,2,0.09698934561893358,0.15648415436011706,0.7465265000209492
6674,0,2,0.15893882310869156,0.22594424774665725,0.6151169291446512
6675,1,2,0.31732295830925145,0.25959818585782524,0.4230788558329233
6676,2,0,0.5674142822170971,0.2338218552462446,0.19876386253665831
6677,2,0,0.37416441349259494,0.27510599201663954,0.3507295944907655
6678,2,2,0.12098310618832664,0.185089296126305,0.6939275976853684
6679,2,2,0.19063341113416318,0.25657294972553824,0.5527936391402986
6680,2,0,0.4701066841966035,0.23023750332772275,0.2996558124756738
6681,2,2,0.10984235058318723,0.17222930974807815,0.7179283396687347
6682,0,2,0.2664148047197804,0.28049896473235114,0.45308623054786834
6683,0,2,0.3512980768604165,0.2563768998492976,0.3923250232902859
6684,2,2,0.1267927184251664,0.19173958677133715,0.6814676948034963
6685,2,2,0.21801152115253683,0.26657561102140026,0.5154128678260629
6686,0,0,0.6282031364739831,0.20426795899903047,0.16752890452698643
6687,0,2,0.35537515718079626,0.24078780380561773,0.4038370390135861
6688,1,2,0.18940997815628918,0.2557431409869569,0.5548468808567539
6689,1,2,0.31247169453058565,0.25319935772012253,0.43432894774929187
6690,2,2,0.2338912758891089,0.2565588849463024,0.5095498391645886
6691,0,2,0.23862132344750336,0.24615570117938448,0.5152229753731121
6692,1,2,0.2809933804777913,0.27882272229232424,0.44018389722988455
6693,2,2,0.15706706426146827,0.22445472630794894,0.6184782094305828
6694,2,2,0.31817589919355427,0.2735401257800716,0.4082839750263741
6695,2,2,0.08471132268457436,0.14494017284731983,0.7703485044681058
6696,1,2,0.2976312496231247,0.2584161227070384,0.4439526276698369
6697,2,2,0.262982141676976,0.2876501342346463,0.4493677240883778
6698,0,2,0.177057964878173,0.20764093295030514,0.6153011021715219
6699,2,0,0.40262492539483047,0.2637564373031754,0.3336186373019942
6700,0,0,0.45987589702455134,0.2422484420219788,0.2978756609534699
6701,0,0,0.6133906625396577,0.19939625712096243,0.18721308033937992
6702,0,2,0.1962897743813222,0.2600485392904253,0.5436616863282524
6703,0,0,0.6125734624951018,0.21155389183146167,0.17587264567343658
6704,0,2,0.19930096151661644,0.2501821630338934,0.5505168754494902
6705,0,2,0.2540194533096322,0.25061847777447965,0.4953620689158882
6706,2,2,0.19557925531687984,0.2244532496040907,0.5799674950790294
6707,1,0,0.39180204672447416,0.27963512152777054,0.32856283174775536
6708,2,0,0.4259651106793889,0.28199456254608884,0.2920403267745223
6709,2,2,0.19367965287236033,0.23848142749471685,0.5678389196329229
6710,2,0,0.5535036619746222,0.22262437563722592,0.22387196238815188
6711,2,2,0.11188584793673947,0.1745434652970641,0.7135706867661964
6712,1,2,0.20457486476480294,0.24328465132120036,0.5521404839139966
