,Outcome,Prediction,ProbA,ProbD,ProbH
5508,0,2,0.2675737946403446,0.24041664122395198,0.49200956413570346
5509,1,2,0.039298007681339786,0.14877560059378583,0.8119263917248745
5510,1,2,0.11524235018344496,0.18416217766747756,0.7005954721490775
5511,2,2,0.12819233653834844,0.09373963490730865,0.7780680285543429
5512,0,2,0.19094835554817724,0.216140917040721,0.5929107274111017
5513,2,2,0.06300576694826755,0.2478440166986699,0.6891502163530625
5514,0,2,0.2622322199970341,0.20971513445524118,0.5280526455477248
5515,2,0,0.7819956731671169,0.14632113264279645,0.07168319419008667
5516,2,2,0.14631965632366886,0.2544687409031761,0.5992116027731551
5517,0,2,0.1329587237115005,0.18567160400081087,0.6813696722876886
5518,2,2,0.18712895828365536,0.19853471754963414,0.6143363241667106
5519,2,2,0.2127634308130635,0.2852101325772302,0.5020264366097063
5520,0,0,0.9102773769996076,0.05066640333314598,0.03905621966724638
5521,0,0,0.7500502665629731,0.16529660347839376,0.08465312995863317
5522,0,0,0.4860192494346326,0.21842323413742468,0.2955575164279428
5523,2,2,0.0503379417466678,0.2147107539313266,0.7349513043220057
5524,1,0,0.39686253078381434,0.24133769589409165,0.36179977332209406
5525,2,2,0.11499664473080977,0.29478315154473816,0.590220203724452
5526,2,2,0.08807128228417287,0.15665686629864387,0.7552718514171832
5527,2,2,0.08417634315188309,0.2034869980270827,0.7123366588210344
5528,0,2,0.34191961932027626,0.24552956432880488,0.41255081635091884
5529,0,2,0.30725492807120586,0.2594062961719195,0.43333877575687474
5530,0,0,0.6397436169148364,0.25146624462701506,0.10879013845814851
5531,1,2,0.20529019754667135,0.23611577108864373,0.5585940313646849
5532,0,0,0.6065611814690814,0.20436116985048372,0.18907764868043478
5533,1,2,0.09456373654572803,0.19895460053297156,0.7064816629213004
5534,2,0,0.4042338838502367,0.23755156812755587,0.3582145480222075
5535,1,2,0.11773275608999019,0.32776575927820967,0.5545014846318002
5536,0,0,0.37776330254132334,0.2897912470747406,0.33244545038393614
5537,1,2,0.34748312653819885,0.29908560077258284,0.35343127268921837
5538,2,2,0.08773089859671665,0.19509232173508523,0.7171767796681981
5539,1,2,0.2869934794159316,0.23751987449097517,0.4754866460930931
5540,2,2,0.050942325536088774,0.1926021704943138,0.7564555039695974
5541,0,2,0.0791554794516324,0.18944013849963387,0.7314043820487337
5542,2,0,0.5263956365479339,0.23397917197522747,0.2396251914768387
5543,0,0,0.5500172475376953,0.1995869844214794,0.25039576804082525
5544,2,2,0.14468308358028356,0.1302875303547214,0.7250293860649951
5545,0,0,0.5528761533406967,0.31294148129377264,0.13418236536553066
5546,0,2,0.2796973048860664,0.1792002929108598,0.5411024022030738
5547,1,2,0.22482513298631368,0.2505674582431131,0.5246074087705732
5548,1,2,0.34387825773664626,0.25319532791752175,0.40292641434583193
5549,0,2,0.2628021737369815,0.2546864938311087,0.4825113324319098
5550,0,2,0.1539366859223413,0.2744113287700522,0.5716519853076064
5551,0,2,0.12989547225229353,0.21971439056103476,0.6503901371866717
5552,0,0,0.41855748238244916,0.2650613423848199,0.316381175232731
5553,2,2,0.13125810374847982,0.26221761806080357,0.6065242781907165
5554,1,0,0.4856474016932651,0.22777675037547973,0.28657584793125523
5555,1,2,0.36894155149543467,0.20283285459711345,0.42822559390745174
5556,1,2,0.04479281309636963,0.26941811240048547,0.685789074503145
5557,2,2,0.16565540500376122,0.1941826036816061,0.6401619913146327
5558,0,2,0.2862665594735149,0.30038945517224214,0.4133439853542429
5559,2,2,0.04452612090168332,0.12022172277803048,0.8352521563202863
5560,0,0,0.4841233464652989,0.1915337753901824,0.3243428781445187
5561,2,2,0.3037115195289079,0.20818678089020004,0.48810169958089217
5562,2,2,0.27614133288900167,0.24742299844293328,0.4764356686680651
5563,0,0,0.8740865781913044,0.0710339705607989,0.05487945124789669
5564,1,2,0.29659060125221814,0.22206445433620056,0.4813449444115814
5565,0,0,0.7823518799755041,0.1576032831369709,0.060044836887524995
5566,1,2,0.05267255470769838,0.22517498044211476,0.7221524648501869
5567,2,2,0.17172555643330778,0.16472591321221997,0.6635485303544723
5568,2,2,0.2969079612938593,0.16873617178892575,0.5343558669172149
5569,1,2,0.20156311562948226,0.24029255570851196,0.5581443286620058
5570,2,2,0.18908101091011517,0.19051616839036878,0.620402820699516
5571,2,2,0.14910535814499953,0.19673415907431321,0.6541604827806873
5572,2,2,0.1993128652108836,0.22713731533304468,0.5735498194560718
5573,0,0,0.42976342648411847,0.20673848153218718,0.36349809198369437
5574,2,2,0.03341700798963549,0.14210938727904637,0.824473604731318
5575,2,2,0.2545670689141552,0.2571590189394058,0.4882739121464391
5576,2,2,0.2801646844589036,0.118924874847378,0.6009104406937185
5577,1,2,0.16797649006244084,0.21890525570899572,0.6131182542285635
5578,2,2,0.15038897243551583,0.3280987934264571,0.521512234138027
5579,1,0,0.6701416079926263,0.19536177951212985,0.13449661249524372
5580,2,0,0.4663390480455066,0.2502240341213711,0.28343691783312225
5581,0,1,0.43063906931914003,0.43971588942408657,0.12964504125677334
5582,2,2,0.06426378943148145,0.12810671462849876,0.8076294959400199
5583,2,0,0.4584846118327459,0.22553241900386628,0.31598296916338775
5584,2,2,0.04906160388766318,0.20493849058781444,0.7459999055245223
5585,2,2,0.18960856131618006,0.3448797525112512,0.46551168617256883
5586,2,2,0.26661157965448484,0.2130233059508251,0.52036511439469
5587,1,0,0.3953518977739075,0.24214155239083823,0.36250654983525427
5588,2,2,0.22030105238041625,0.22364326835314172,0.5560556792664421
5589,1,0,0.41960447852809885,0.2551951642193359,0.32520035725256535
5590,1,2,0.10964724287277884,0.19643341866690273,0.6939193384603184
5591,2,2,0.31855416342483356,0.17471247343122542,0.506733363143941
5592,0,0,0.5104194728713305,0.3380490127960922,0.15153151433257733
5593,1,2,0.36270552585741406,0.23164908398104397,0.40564539016154194
5594,2,2,0.2819482370071302,0.11357067317187387,0.6044810898209959
5595,0,2,0.08694338863988338,0.23063980637949935,0.6824168049806172
5596,2,2,0.08681237527317172,0.10298381091075211,0.8102038138160762
5597,0,2,0.2166463026794654,0.2608033578382413,0.5225503394822932
5598,0,2,0.345083250651108,0.3059120204008389,0.34900472894805307
5599,2,2,0.04226547000572562,0.15826599061727106,0.7994685393770032
5600,2,2,0.08572601203679382,0.10680584674655981,0.8074681412166465
5601,2,0,0.4020813022517618,0.26853387196733924,0.32938482578089895
5602,2,2,0.38070886629783907,0.0619199290767069,0.557371204625454
5603,2,0,0.4249733949460071,0.24052644175140264,0.3345001633025903
5604,1,2,0.18541362657965857,0.2617191574862949,0.5528672159340465
5605,2,2,0.08735699593680445,0.21769355036583424,0.6949494536973613
5606,0,2,0.3522736235502768,0.2926412566936257,0.3550851197560975
5607,2,2,0.22175360761737806,0.28340011132880294,0.494846281053819
5608,0,0,0.9423755357694722,0.03878881783573042,0.018835646394797366
5609,2,2,0.22535223246302108,0.25151803713383236,0.5231297304031466
5610,2,2,0.14762351065232973,0.19982220349665292,0.6525542858510174
5611,0,0,0.49200512287188924,0.21533815757163818,0.2926567195564725
5612,0,0,0.7211733703052572,0.20984264925582374,0.06898398043891907
5613,2,2,0.23994226087928433,0.24675487067700733,0.5133028684437084
5614,0,0,0.6097360323326416,0.24069738219874492,0.14956658546861348
5615,2,0,0.4144547401028334,0.2862281868736184,0.29931707302354815
5616,0,0,0.8588681658192258,0.10602309505071424,0.03510873913006008
5617,2,2,0.05623851159207997,0.11939378149325598,0.8243677069146641
5618,0,0,0.37132467316751266,0.2893057801533678,0.33936954667911945
5619,0,2,0.21999570716086647,0.26018632866253605,0.5198179641765975
5620,2,2,0.10520371341693469,0.17512314577916355,0.7196731408039017
5621,2,2,0.10336865667427049,0.12676166001894495,0.7698696833067846
5622,1,0,0.523518072853054,0.23992296707769006,0.23655896006925592
5623,0,0,0.38643953325067615,0.3054773127061019,0.3080831540432219
5624,1,2,0.3295862958873663,0.23393410234387207,0.43647960176876155
5625,0,2,0.07502775264860376,0.2870540638542893,0.6379181834971069
5626,0,2,0.33555697015490776,0.17206462319415455,0.49237840665093774
5627,2,2,0.2107160098166941,0.2647570381554657,0.5245269520278403
5628,1,2,0.06380776828522916,0.3064857632480134,0.6297064684667575
5629,2,2,0.0462459001314757,0.1513557173132048,0.8023983825553195
5630,2,0,0.38563387884086153,0.2907192681479054,0.32364685301123297
5631,2,2,0.13844511742849588,0.17181839027980556,0.6897364922916985
5632,2,2,0.20797069569156112,0.17400772104144524,0.6180215832669937
5633,2,2,0.08658152704079507,0.23994944674294455,0.6734690262162604
5634,0,0,0.4835905199359711,0.2481287325763318,0.2682807474876972
5635,2,2,0.03071767603259094,0.1315081268486501,0.8377741971187589
5636,1,2,0.06624489318555214,0.13028021650891983,0.803474890305528
5637,0,2,0.3059641015927761,0.21983702577222713,0.47419887263499677
5638,0,0,0.6158950322618495,0.3079907842265811,0.07611418351156936
5639,0,0,0.5332515295509166,0.26927863323970147,0.19746983720938183
5640,2,0,0.47280238678869324,0.18888019532793648,0.3383174178833702
5641,2,2,0.18726055400187608,0.30358797636910684,0.509151469629017
5642,1,2,0.27020784658753544,0.26401589416300525,0.4657762592494593
5643,0,2,0.2672812170573283,0.22202274443643363,0.510696038506238
5644,2,2,0.043862034099166294,0.1880345376665255,0.7681034282343083
5645,0,1,0.41784916670127814,0.43836641826150374,0.14378441503721814
5646,2,2,0.16378209805354613,0.27771919709654713,0.5584987048499067
5647,1,2,0.11407955628462774,0.22384131074249655,0.6620791329728757
5648,2,2,0.02301022140334374,0.025019081196043798,0.9519706974006124
5649,0,2,0.04912524095271924,0.10530657172919856,0.8455681873180821
5650,0,2,0.10956524644499588,0.17304382168317178,0.7173909318718323
5651,0,2,0.2486566000114244,0.23637837872047782,0.5149650212680977
5652,2,2,0.20253099783322323,0.229753107873384,0.5677158942933929
5653,0,2,0.35497730202377126,0.2703207399685482,0.3747019580076805
5654,1,0,0.4214144852107055,0.28369020568291925,0.2948953091063753
5655,2,0,0.4402585602740647,0.26656754575155955,0.29317389397437577
5656,2,2,0.22930027399089806,0.05879025736555811,0.7119094686435439
5657,1,0,0.5774751320687025,0.25011899845058033,0.1724058694807172
5658,0,2,0.34728014843818333,0.2873799002681132,0.3653399512937034
5659,1,0,0.6297734332452676,0.15751428092001346,0.2127122858347191
5660,0,1,0.33545221570331846,0.42116837224445297,0.24337941205222846
5661,2,2,0.05174505158444412,0.15578759925313193,0.792467349162424
5662,2,2,0.15561946927916712,0.26030026402319073,0.5840802666976421
5663,0,2,0.19635522660475246,0.1950785079520196,0.608566265443228
5664,2,2,0.22061540792547632,0.267602689977223,0.5117819020973007
5665,2,0,0.5962318157082716,0.2368275732283922,0.16694061106333627
5666,1,2,0.058214447172435346,0.1042822026098228,0.8375033502177419
5667,1,0,0.75152365206788,0.18991027220760492,0.05856607572451513
5668,2,2,0.26836319402144193,0.17740926194193254,0.5542275440366256
5669,2,2,0.12693036814284714,0.226808789893291,0.6462608419638619
5670,1,0,0.42409682111024766,0.23837290340693065,0.33753027548282166
5671,2,2,0.06197562240507331,0.19859161877579967,0.739432758819127
5672,0,2,0.3402415219234201,0.21037943975891735,0.4493790383176625
5673,2,2,0.19368355483434832,0.10772403548911627,0.6985924096765355
5674,0,2,0.28474269404319885,0.258537723713407,0.4567195822433941
5675,2,2,0.310972527063261,0.3292231152123329,0.35980435772440605
5676,2,2,0.3883785088700284,0.20189193297523472,0.4097295581547369
5677,0,0,0.4399957767088068,0.21255944926196413,0.34744477402922896
5678,0,2,0.09784902276725334,0.28202840830006626,0.6201225689326805
5679,2,2,0.3141391009477761,0.1985477470316204,0.48731315202060355
5680,2,2,0.058743113822118984,0.10556315093308231,0.8356937352447987
5681,2,2,0.08048337944674666,0.313578989153293,0.6059376313999603
5682,1,2,0.21343763289117923,0.321443315707714,0.4651190514011067
5683,0,2,0.31907110088182405,0.26908190487735956,0.41184699424081644
5684,2,2,0.2888446433300754,0.23688519531077623,0.4742701613591483
5685,2,0,0.718829818634166,0.11708216419763211,0.1640880171682019
5686,2,2,0.03515566013975073,0.0794911842354524,0.885353155624797
5687,2,2,0.3524546069138598,0.2637193768525934,0.3838260162335469
5688,0,0,0.6238546220655322,0.23281418182686167,0.1433311961076062
5689,2,2,0.09629477550728342,0.03429629153186479,0.8694089329608519
5690,1,2,0.29798754430565905,0.23761507891384626,0.4643973767804947
5691,2,1,0.39326107400567967,0.4398270146132382,0.16691191138108213
5692,2,0,0.3677354836516401,0.29182637853419646,0.34043813781416354
5693,2,0,0.4673203951054903,0.27626332937840464,0.2564162755161051
5694,2,2,0.19599519327410106,0.2244719783427544,0.5795328283831446
5695,2,2,0.36902392682350027,0.23394228506716988,0.39703378810933
5696,1,1,0.34889352865910583,0.45592061490691405,0.19518585643398026
5697,2,2,0.2257900424619546,0.2154738380240322,0.5587361195140131
5698,2,2,0.0645586746792947,0.26327525273470354,0.6721660725860018
5699,1,1,0.3900652269090031,0.4613535064909817,0.14858126660001522
5700,2,2,0.21060833604009666,0.26812710019304725,0.5212645637668561
5701,2,2,0.08854361858143067,0.2774531024431859,0.6340032789753834
5702,2,2,0.0548115404695028,0.05453849229916574,0.8906499672313315
5703,2,2,0.2923157612686264,0.2333023726749679,0.47438186605640564
5704,0,0,0.3697465278684191,0.29264731504882163,0.3376061570827593
5705,2,0,0.5914128374109846,0.15529133368308645,0.25329582890592905
5706,0,0,0.43534423909203507,0.2414682261584649,0.32318753474950007
5707,0,0,0.3820054468984967,0.2957750588537244,0.32221949424777896
5708,1,0,0.40825133950233916,0.2243277706607187,0.36742088983694204
5709,1,2,0.06763824831534292,0.21044348404770413,0.721918267636953
5710,0,2,0.09716253693991084,0.16245623549559313,0.7403812275644961
5711,0,0,0.4625470333782286,0.39261379343596187,0.14483917318580958
5712,0,0,0.40074276380949203,0.26043340476192645,0.3388238314285816
5713,1,2,0.31289379112576704,0.08858780352763679,0.5985184053465962
5714,2,0,0.5336154551492258,0.2211961328123146,0.24518841203845956
5715,1,2,0.381003554135685,0.18391472007987195,0.4350817257844431
5716,0,0,0.6854620283982966,0.2032895668950099,0.11124840470669349
5717,0,2,0.20706854083982756,0.23230894336110297,0.5606225157990695
5718,2,2,0.10086561290850246,0.15452165503109397,0.7446127320604035
5719,2,2,0.047989538616342114,0.09247667016191012,0.8595337912217478
5720,2,2,0.03691585094574194,0.17827889384242926,0.7848052552118289
5721,2,2,0.11821891675210515,0.18087753313692842,0.7009035501109664
5722,2,2,0.28257315324283677,0.24523383240892943,0.47219301434823385
5723,1,2,0.2979515527053827,0.2572129471804843,0.4448355001141329
5724,0,2,0.35907909424785145,0.24712418314929077,0.39379672260285786
5725,2,2,0.04068559939281328,0.03800450869354701,0.9213098919136397
5726,2,2,0.2077379845350593,0.26838065439677156,0.5238813610681692
5727,2,2,0.08290052945985754,0.1462278453303301,0.7708716252098123
5728,2,2,0.0324653513376209,0.048237481701839405,0.9192971669605396
5729,1,0,0.46694073721282753,0.249391819283594,0.28366744350357864
5730,1,0,0.5457002557662463,0.19179592043757582,0.2625038237961779
5731,1,0,0.5521535954652079,0.21261412145337852,0.2352322830814134
5732,2,2,0.057979950113265795,0.10444886814597788,0.8375711817407564
5733,2,2,0.3165081200855506,0.20582344908884817,0.47766843082560123
5734,0,2,0.025489935771591466,0.16145898533301892,0.8130510788953897
5735,0,2,0.145797952973592,0.23921184646158303,0.6149902005648249
5736,2,2,0.29692995276503503,0.28430614918304414,0.4187638980519209
5737,0,2,0.368974698039215,0.2593960883656672,0.37162921359511786
5738,2,2,0.32107505820241683,0.31916903262983853,0.3597559091677446
5739,0,2,0.32374373617044044,0.30765458339332824,0.36860168043623137
5740,2,2,0.06779164157461008,0.20865464002757605,0.7235537183978138
5741,0,0,0.8031282765213822,0.145376182686008,0.05149554079260982
5742,2,2,0.20524427257624492,0.19571643628840557,0.5990392911353495
5743,1,2,0.3549891860023894,0.27424546312553916,0.3707653508720715
5744,0,0,0.3722899830213621,0.2683912456672408,0.35931877131139706
5745,2,2,0.20879404148196437,0.35452507012408707,0.43668088839394864
5746,2,2,0.14235805046118472,0.18257981516282,0.6750621343759953
5747,2,2,0.3050620715643152,0.21912610299184557,0.4758118254438391
5748,1,2,0.24291407583882807,0.19853084041375957,0.5585550837474124
5749,2,0,0.5818704094425916,0.17971311698965695,0.23841647356775145
5750,2,2,0.17334839021314188,0.23627790982294786,0.5903736999639102
5751,2,2,0.08256037913170342,0.21241354718429406,0.7050260736840025
5752,0,2,0.28944114522283143,0.2380122845217688,0.47254657025539964
5753,1,0,0.4893401085509515,0.22176590160602153,0.28889398984302694
5754,0,2,0.12485347002468797,0.2669888704587227,0.6081576595165893
5755,0,0,0.7624528179924199,0.16317575143636376,0.07437143057121642
5756,1,0,0.4135248868015877,0.2448995732535336,0.34157553994487877
5757,0,0,0.4159910213819288,0.263086755116918,0.32092222350115324
5758,2,2,0.07826220979559054,0.21861431413186777,0.7031234760725416
5759,2,2,0.10943671586463713,0.16937495309917036,0.7211883310361924
5760,2,0,0.3702985576739307,0.26184007864876296,0.3678613636773062
5761,1,0,0.7031831075788652,0.15915373180651168,0.1376631606146231
5762,2,2,0.067651640536036,0.2126821134053684,0.7196662460585956
5763,2,2,0.12715238380798238,0.21865004592088957,0.6541975702711281
5764,0,1,0.3979905546643722,0.4301802503340928,0.17182919500153504
5765,2,0,0.4100817367063842,0.29830126162590564,0.2916170016677102
5766,1,0,0.46414733762369875,0.33309284544408196,0.2027598169322192
5767,0,0,0.6448279145718258,0.207655597605782,0.14751648782239224
5768,2,2,0.13504890513490694,0.256694698224182,0.6082563966409109
5769,1,2,0.15770295914381924,0.16093683570943898,0.6813602051467418
5770,2,2,0.04918617124571015,0.0928492524121385,0.8579645763421513
5771,0,2,0.04654418634612461,0.25442779245541186,0.6990280211984635
5772,2,2,0.0237501446749698,0.157388490892059,0.8188613644329712
5773,1,2,0.3807412161830944,0.20798080791361395,0.4112779759032917
5774,1,2,0.29893093601084897,0.27406377095447276,0.42700529303467827
5775,2,2,0.030887984490083075,0.04267253321289891,0.9264394822970179
5776,1,2,0.29060854985792145,0.24227782344507354,0.4671136266970051
5777,2,2,0.23010201918697645,0.21568163900823664,0.5542163418047868
5778,2,2,0.24022433814840347,0.2748247908094454,0.4849508710421512
5779,2,0,0.4245830667709027,0.26669111954010233,0.308725813688995
5780,2,2,0.2570329324974566,0.20800651178798005,0.5349605557145634
5781,0,0,0.580709850539306,0.13309512243390972,0.2861950270267843
5782,2,2,0.1553839047234334,0.2327957699133096,0.611820325363257
5783,2,2,0.21352682077970564,0.27971544659186215,0.5067577326284322
5784,1,0,0.48507972727243165,0.2514224287987768,0.2634978439287916
5785,2,2,0.2994671611616652,0.2633537190748924,0.4371791197634424
5786,2,2,0.045890020616665236,0.14861340348056173,0.805496575902773
5787,2,2,0.18831546407389302,0.056706388132964185,0.7549781477931428
5788,2,2,0.09231245201616939,0.2956343634742848,0.6120531845095458
5789,2,2,0.2278192378993219,0.18216272911761922,0.5900180329830589
5790,1,2,0.18337518959251844,0.2626939724127245,0.5539308379947571
5791,0,0,0.7829823312585455,0.12551055368553624,0.09150711505591812
5792,2,2,0.08185485276842044,0.12050988880041802,0.7976352584311616
5793,2,2,0.15754639917290025,0.18756143121951513,0.6548921696075846
5794,0,0,0.5011238589257224,0.37213547933389673,0.12674066174038084
5795,2,2,0.2870567514298699,0.3399708023673561,0.372972446202774
5796,2,2,0.07665280121177252,0.0675817419599938,0.8557654568282338
5797,2,0,0.49115795557968095,0.24710024170710343,0.2617418027132157
5798,0,2,0.026608854150184096,0.16255907293318245,0.8108320729166335
5799,2,2,0.06801934988574763,0.3224872005233022,0.6094934495909501
5800,2,2,0.13601711606169123,0.1888524444259434,0.6751304395123654
5801,0,2,0.2284011428918313,0.2649210522273014,0.5066778048808673
5802,2,2,0.08627209984440277,0.20841603759775,0.7053118625578472
5803,0,2,0.18458254765470275,0.22735303703042348,0.5880644153148739
5804,0,2,0.17311557529287178,0.22495923810220683,0.6019251866049213
5805,2,2,0.2160272818798735,0.22380445926685616,0.5601682588532704
5806,2,0,0.5502512240313464,0.171059050900809,0.27868972506784456
5807,2,0,0.38801935895249895,0.33233721735507693,0.2796434236924242
5808,0,0,0.7317545866414995,0.07749695432139365,0.19074845903710683
5809,0,0,0.8700983399716671,0.0932129894708207,0.03668867055751205
5810,1,2,0.33251374451961724,0.17633547375254294,0.49115078172783994
5811,2,2,0.0403671600949637,0.1526584667720124,0.8069743731330238
5812,2,2,0.24172488445882465,0.28147672264959284,0.4767983928915825
5813,0,0,0.4951755307349128,0.24469154336881024,0.26013292589627696
5814,0,2,0.23972103320835444,0.23990703287264242,0.5203719339190032
5815,0,0,0.36452556428362637,0.3445838562517994,0.29089057946457425
5816,1,2,0.2677470555859459,0.35808243298449727,0.3741705114295568
5817,1,0,0.5752577125897435,0.3313117069340213,0.09343058047623524
5818,2,2,0.2167327424153481,0.25026378966233054,0.5330034679223213
5819,0,2,0.23160695304614512,0.2743147823107268,0.49407826464312804
5820,1,2,0.06844014883852731,0.06233263175685014,0.8692272194046226
5821,0,2,0.21163658740217567,0.24752290818771916,0.5408405044101051
5822,2,2,0.06515356205213474,0.08703594085934577,0.8478104970885195
5823,2,0,0.4512749780681297,0.1974648795399319,0.3512601423919384
5824,0,2,0.2416694900630414,0.24300934708775723,0.5153211628492014
5825,2,2,0.047279809819111326,0.09046246616888111,0.8622577240120075
5826,0,2,0.3350450387461599,0.2892807315064612,0.37567422974737896
5827,1,2,0.3286142737706778,0.25457210871289143,0.4168136175164307
5828,1,0,0.5968545999097098,0.23096895791950162,0.17217644217078862
5829,0,0,0.5628545630180976,0.24448490391065605,0.19266053307124636
5830,2,2,0.10980735109648,0.2800155640291685,0.6101770848743515
5831,2,2,0.05540759664898903,0.14163452600954202,0.802957877341469
5832,2,2,0.05963238439231499,0.27339182255819666,0.6669757930494884
5833,0,2,0.16294009345311086,0.18194611674048716,0.655113789806402
5834,0,0,0.5729871876723189,0.3116034670313009,0.11540934529638033
5835,2,0,0.4871405781028724,0.2550574562331611,0.2578019656639665
5836,0,2,0.3186138022872113,0.23811187062795672,0.4432743270848319
5837,1,2,0.1244804209051941,0.20208668053393367,0.6734328985608723
5838,1,2,0.18527690163157606,0.1847263671321011,0.6299967312363227
5839,1,2,0.12860876147977596,0.2081726601117183,0.6632185784085057
5840,0,0,0.5320997463601641,0.35362884528709926,0.11427140835273666
5841,2,2,0.25793461336504747,0.19980430872443392,0.5422610779105187
5842,1,0,0.41947489451969033,0.27562010719380403,0.30490499828650564
5843,1,2,0.26487790905607206,0.21596960477430838,0.5191524861696195
5844,0,0,0.4711094332600221,0.2360937983163638,0.29279676842361424
5845,0,2,0.07504299405481818,0.29107849350122944,0.6338785124439524
5846,1,2,0.14057851090763804,0.19673412956641417,0.6626873595259477
5847,0,0,0.41104856520470356,0.27615656918235654,0.3127948656129398
5848,1,2,0.06717273485977762,0.1140954333148962,0.8187318318253262
5849,0,2,0.1637222335719796,0.3949368022082597,0.44134096421976055
5850,2,2,0.18100183919999607,0.26676954412885245,0.5522286166711514
5851,2,2,0.3156924561465738,0.2446851159087431,0.43962242794468304
5852,0,0,0.6064223181913115,0.25020946827249857,0.14336821353618986
5853,2,2,0.34995158598772225,0.25870815973811423,0.39134025427416363
5854,0,0,0.5690450978815363,0.24248128054322532,0.1884736215752384
5855,0,0,0.8054852144687553,0.13813249484955364,0.056382290681691094
5856,2,2,0.03642095058296978,0.09270589935124532,0.870873150065785
5857,2,2,0.043078200798757446,0.14712329082465928,0.8097985083765833
5858,2,0,0.3842528563498326,0.3492323563002554,0.266514787349912
5859,2,2,0.4129353128355339,0.08309182545595063,0.5039728617085155
5860,2,2,0.12785741840374154,0.32104881284696185,0.5510937687492966
5861,2,2,0.10547989676881317,0.20797337638239313,0.6865467268487937
5862,2,2,0.04415198694060484,0.18069400417744924,0.775154008881946
5863,2,2,0.24260378314065928,0.24582094484603384,0.5115752720133069
5864,0,0,0.4820502563516885,0.19587053188910827,0.3220792117592032
5865,0,2,0.2672773366467682,0.23462401422219545,0.49809864913103635
5866,2,2,0.12164708086162848,0.2274416341904188,0.6509112849479527
5867,2,2,0.17915353084627794,0.3409647133781278,0.47988175577559417
5868,2,2,0.3318408583057212,0.19629862080456523,0.4718605208897135
5869,2,2,0.06805390018631093,0.07825372207500925,0.8536923777386799
5870,1,2,0.2776498047140384,0.24309669777453397,0.4792534975114276
5871,1,0,0.6114211427155583,0.20856541570980588,0.18001344157463592
5872,0,0,0.4409978967270865,0.25305718342857797,0.30594491984433564
5873,1,1,0.19382759172208322,0.4782963091620454,0.32787609911587146
5874,2,2,0.0798251466661219,0.10658140987511727,0.8135934434587608
5875,2,2,0.033701224537073374,0.02709478709827491,0.9392039883646518
5876,0,2,0.2973140933401591,0.22276300085472125,0.4799229058051197
5877,2,0,0.5049342810774545,0.24572078970102149,0.24934492922152393
5878,0,0,0.5031857809245764,0.23513833877451729,0.2616758803009063
5879,2,0,0.3575564543182465,0.29158763343335764,0.3508559122483958
5880,1,2,0.17285402726383725,0.17465149825167162,0.652494474484491
5881,0,0,0.523889572833062,0.20122230184641499,0.2748881253205229
5882,2,2,0.14423281368187488,0.31637557494995877,0.5393916113681664
5883,0,0,0.5782268874920495,0.3322125615570236,0.08956055095092683
5884,2,2,0.04989255665176279,0.2305718355096775,0.7195356078385596
5885,2,2,0.04678658603719482,0.22354377630637365,0.7296696376564316
5886,2,2,0.05643447662419152,0.2621805308890271,0.6813849924867813
5887,2,2,0.2718563238255362,0.2642800622659709,0.46386361390849296
5888,2,0,0.47546597451254946,0.25455989063286716,0.2699741348545834
5889,2,2,0.10277052309457414,0.24358543969954913,0.6536440372058767
5890,2,2,0.18632991558999942,0.25541467055741307,0.5582554138525875
5891,0,1,0.3402429809472884,0.4537625056633942,0.20599451338931743
5892,2,0,0.6971309155352642,0.08262153620745877,0.2202475482572771
5893,2,2,0.028783121633189215,0.12100131484364061,0.8502155635231702
5894,1,0,0.5068827279877067,0.2564300268743083,0.23668724513798498
5895,0,2,0.06405129192104951,0.2112248159172996,0.7247238921616509
5896,0,0,0.8670298075883871,0.08085871023122437,0.052111482180388545
5897,0,2,0.2695377223181108,0.21377940736544226,0.5166828703164469
5898,2,0,0.44647275041335943,0.38625810381400777,0.16726914577263283
5899,0,0,0.5230937033814274,0.2439579196800665,0.2329483769385061
5900,2,2,0.2955641878186249,0.22478796741394774,0.47964784476742744
5901,2,2,0.09479961439453972,0.20326761350640665,0.7019327720990535
5902,2,2,0.05836720527572555,0.35944074421077515,0.5821920505134994
5903,1,2,0.06439643140184904,0.24328822032813793,0.6923153482700131
5904,2,2,0.18765188178941797,0.23194090777184723,0.5804072104387348
5905,2,2,0.10684960501468373,0.14811106508679725,0.7450393298985191
5906,2,2,0.3212833943396717,0.18680443718176526,0.4919121684785629
5907,0,2,0.06002482677943394,0.2309129925035252,0.709062180717041
5908,2,2,0.24998074663344516,0.23025068805171534,0.5197685653148395
5909,1,2,0.21330203822554455,0.23272348423738087,0.5539744775370745
5910,0,2,0.41390125703645453,0.07247388489243453,0.5136248580711109
5911,0,2,0.38592145957691465,0.22444608186667286,0.38963245855641243
5912,2,2,0.22771471839213367,0.0677401018501438,0.7045451797577226
5913,0,0,0.4924852113361381,0.37089946652774836,0.13661532213611347
5914,2,0,0.37683267672003107,0.292756621459279,0.3304107018206899
5915,1,0,0.7521764061674658,0.14536036450546122,0.10246322932707287
5916,2,2,0.03031850946026061,0.20647322118037706,0.7632082693593624
5917,2,0,0.5255718162001883,0.2384178074744023,0.23601037632540933
5918,2,2,0.13097098717342062,0.3908379754121286,0.47819103741445074
5919,2,2,0.06856823112537792,0.12906728156083716,0.8023644873137848
5920,0,0,0.597382274287233,0.18325731715670748,0.21936040855605943
5921,1,2,0.19386040701755328,0.2385337302583027,0.5676058627241439
5922,0,2,0.15232302279418697,0.16992883614952237,0.6777481410562908
5923,2,2,0.1308171269483304,0.23006775535943969,0.63911511769223
5924,2,0,0.4573834187238878,0.19087893428955677,0.3517376469865554
5925,2,2,0.21223202052775453,0.2106000900377889,0.5771678894344566
5926,2,2,0.17729071864265333,0.054267782397490055,0.7684414989598566
5927,2,2,0.2549373487501643,0.2163694765294007,0.528693174720435
5928,2,0,0.5995179209643556,0.2841536033760674,0.11632847565957703
5929,2,2,0.09132068871314471,0.10777544598031388,0.8009038653065413
5930,2,2,0.03496497306791841,0.1891312033470123,0.7759038235850693
5931,0,0,0.5440318286597852,0.20996126365606507,0.24600690768414984
5932,2,2,0.04205767142459522,0.09236018659175667,0.8655821419836481
5933,2,2,0.07850748143130284,0.17608132730387016,0.7454111912648271
5934,1,2,0.18033685493219045,0.20888202927924424,0.6107811157885653
5935,1,0,0.562264252298226,0.1494374605181339,0.2882982871836402
5936,2,2,0.0769526892273483,0.1217054196678659,0.8013418911047857
5937,1,2,0.3837574457900391,0.18618873338675662,0.43005382082320437
5938,2,0,0.4458976133448361,0.23333938343020097,0.32076300322496304
5939,2,0,0.5044611789065653,0.2240145760477722,0.2715242450456625
5940,2,2,0.34163699404842235,0.23881400940555927,0.41954899654601835
5941,2,2,0.2711962828679158,0.23406467082140092,0.49473904631068333
5942,2,1,0.3309658099513075,0.5085605633303385,0.16047362671835397
5943,2,2,0.23665228850250966,0.22490561776726534,0.538442093730225
5944,0,0,0.45443191481280354,0.39419646217637133,0.1513716230108251
5945,0,2,0.10305235552695845,0.16727919108572084,0.7296684533873207
5946,2,2,0.062479672209444094,0.08834872340560873,0.8491716043849472
5947,2,2,0.02638654047525871,0.19175794147709663,0.7818555180476446
5948,1,0,0.6737549051425257,0.22087950872779458,0.10536558612967968
5949,0,2,0.044192939995923615,0.10557911027778193,0.8502279497262943
5950,1,2,0.23909782340857935,0.19945627826066312,0.5614458983307575
5951,2,2,0.04447951993352961,0.11452215997570565,0.8409983200907647
5952,2,0,0.4469556350924544,0.18774204401803968,0.3653023208895058
5953,0,0,0.5144406571505361,0.26598402559453294,0.2195753172549309
5954,1,0,0.4488491216543996,0.23200452371949815,0.3191463546261022
5955,0,0,0.4545423976148641,0.18192936632850737,0.3635282360566284
5956,0,0,0.3634181934251798,0.286923027863694,0.3496587787111262
5957,1,0,0.37837312815616736,0.29671801712218177,0.3249088547216508
5958,0,2,0.15164927054766938,0.24948214500523633,0.5988685844470943
5959,1,2,0.2639317256073526,0.31072796547750786,0.42534030891513963
5960,2,2,0.2516385914918752,0.21062932030173762,0.5377320882063872
5961,0,0,0.452061507316089,0.2137611219887913,0.3341773706951197
5962,0,2,0.3234960061105241,0.26419256080143655,0.4123114330880394
5963,2,2,0.2474749888786562,0.2715093532375585,0.4810156578837853
5964,2,0,0.5264408527609933,0.20613649298770584,0.2674226542513008
5965,2,2,0.2688415718904604,0.31170524259765514,0.41945318551188443
5966,0,2,0.21446800382419295,0.24197057170391065,0.5435614244718964
5967,2,0,0.4864384713159226,0.21241123976256102,0.30115028892151646
5968,1,2,0.22735848010957724,0.2586022010189769,0.5140393188714458
5969,2,2,0.034290200806005026,0.18020138346583836,0.7855084157281567
5970,2,0,0.6273772524228289,0.18477864434203775,0.18784410323513334
5971,1,2,0.07165211029933258,0.14293798866521779,0.7854099010354496
5972,2,2,0.06248400041698631,0.1353861905527913,0.8021298090302224
5973,2,2,0.12743721933112706,0.32378516427510545,0.5487776163937675
5974,0,0,0.5175130059125503,0.21385637219213222,0.2686306218953174
5975,2,2,0.07971619315554905,0.14753042891557203,0.772753377928879
5976,1,2,0.2735467571205463,0.2775313434560273,0.44892189942342636
5977,0,0,0.4347139456779116,0.14979765666083922,0.4154883976612492
5978,2,2,0.07158227752369821,0.2186408829253005,0.7097768395510012
5979,1,0,0.37366637679858444,0.36755744644954536,0.25877617675187026
5980,0,2,0.04888539629204321,0.1861978546853832,0.7649167490225737
5981,1,0,0.7981645599723597,0.10983794884124615,0.0919974911863942
5982,2,2,0.051038490115561205,0.12097855303344483,0.827982956850994
5983,2,0,0.4711964812378044,0.2558219598735887,0.2729815588886069
5984,2,2,0.13632971058913246,0.1732670434120539,0.6904032459988136
5985,2,2,0.10297431206069105,0.25473519977285536,0.6422904881664536
5986,0,0,0.5041952985608945,0.268506559394561,0.22729814204454452
5987,0,0,0.5240793138417538,0.23835035657357884,0.23757032958466734
5988,0,2,0.16732401020169532,0.2460669954482227,0.586608994350082
5989,1,2,0.0842496314060157,0.187339586378222,0.7284107822157622
5990,1,2,0.07926457664556641,0.3254244591314569,0.5953109642229768
5991,2,0,0.7536111292339954,0.08828913123220981,0.1580997395337948
5992,1,2,0.1352473162508462,0.22807311051960716,0.6366795732295466
5993,1,2,0.03762339733445705,0.19185253176844874,0.7705240708970942
5994,2,2,0.0733668316319094,0.1089841953973167,0.817648972970774
5995,1,2,0.34676975690390577,0.27342278850433427,0.37980745459175996
5996,2,2,0.05969935529587388,0.26751605300005343,0.6727845917040727
5997,2,2,0.2377021897368337,0.26106453597593854,0.5012332742872277
5998,2,1,0.33071294543500085,0.3658444080693983,0.3034426464956009
5999,2,2,0.20439247648192505,0.24658269225346555,0.5490248312646094
6000,2,0,0.39305896536372326,0.2209481007665166,0.38599293386976014
6001,1,0,0.4307180059179561,0.26756720598218614,0.30171478809985774
6002,2,2,0.20622566260134176,0.1556637651455218,0.6381105722531364
6003,2,2,0.14445271484459024,0.15762260010269472,0.697924685052715
6004,2,0,0.5516426085824242,0.1741420250726014,0.2742153663449745
6005,1,2,0.16499269419271817,0.20040697647998235,0.6346003293272995
6006,2,2,0.11966463092955103,0.14971763237291913,0.7306177366975298
6007,1,0,0.4558007478143077,0.20755845815538262,0.3366407940303097
6008,2,0,0.3710396325621765,0.29522692498953185,0.33373344244829173
6009,2,0,0.47806604578329476,0.2820169670868127,0.23991698712989257
6010,2,0,0.4187851932535531,0.26698289888064547,0.3142319078658014
6011,2,0,0.4807361388652204,0.2806786216668323,0.23858523946794724
6012,0,0,0.5726145155745543,0.3130552584703648,0.11433022595508083
6013,1,0,0.40115451393063645,0.24181122307888794,0.3570342629904757
6014,2,2,0.0970084439739995,0.2558455787940346,0.6471459772319659
6015,2,2,0.06177662174772732,0.04826060449872194,0.8899627737535507
6016,0,1,0.38672096693687646,0.40864329105325103,0.20463574200987245
6017,1,2,0.3213176704992481,0.23699818483611226,0.44168414466463957
6018,0,0,0.5654352469456959,0.23002276333797164,0.2045419897163325
6019,0,2,0.3060661568847411,0.19341503927201498,0.500518803843244
6020,2,2,0.26943894879601926,0.2731208612379262,0.4574401899660546
6021,2,2,0.06859046214049315,0.09114196897260697,0.8402675688868998
6022,1,2,0.18078051807883344,0.24074353902045942,0.5784759429007071
6023,0,2,0.0499316383821834,0.24639413172004845,0.7036742298977682
6024,2,2,0.11740710559363053,0.25308351250728084,0.6295093818990886
6025,2,2,0.025655547677852244,0.1935679485427604,0.7807765037793873
6026,0,0,0.5467991670611376,0.24933814735977458,0.20386268557908777
6027,2,0,0.4079894385636166,0.37711263119146016,0.21489793024492326
6028,2,2,0.17232351009301985,0.2774597018511113,0.5502167880558689
6029,1,2,0.2049991988118398,0.2281435385861612,0.5668572626019989
6030,1,2,0.15498095560330258,0.22614418534098565,0.6188748590557117
6031,2,0,0.38313743027409175,0.2690326033442103,0.347829966381698
6032,0,2,0.3529919248658328,0.2424184252446671,0.4045896498895
6033,2,0,0.4083728936571863,0.2731498960563914,0.31847721028642223
6034,1,2,0.3290562502561591,0.11671199230158202,0.5542317574422589
6035,2,2,0.2630699422192602,0.3128205181577139,0.42410953962302583
6036,0,2,0.21937345734110408,0.09585310173963592,0.68477344091926
6037,1,0,0.45058352031528565,0.22148212323728267,0.3279343564474316
6038,2,2,0.028774869914800872,0.1944009047921121,0.776824225293087
6039,2,2,0.26070322578328614,0.26231953287086374,0.4769772413458502
6040,2,2,0.09899413624487466,0.27996975749925235,0.621036106255873
6041,0,0,0.4833378758002797,0.326408750330421,0.19025337386929927
6042,2,2,0.09253670208563064,0.3056194737054391,0.6018438242089302
6043,2,2,0.046922339493843467,0.18084156314222966,0.7722360973639267
6044,2,2,0.15454463557899267,0.14280681790435873,0.7026485465166485
6045,0,0,0.6695661454561527,0.17587010183321988,0.15456375271062744
6046,2,2,0.18944389534524167,0.2211562298598842,0.5893998747948741
6047,0,0,0.5503908414564095,0.23961949787491,0.20998966066868066
6048,2,2,0.143048196713428,0.19069418586836437,0.6662576174182075
6049,0,2,0.19288085838146543,0.2651776370185602,0.5419415045999744
6050,2,2,0.10665153737552992,0.23357152476148896,0.6597769378629812
6051,0,0,0.6289952450527113,0.241623483996812,0.12938127095047675
6052,0,0,0.6968017919593613,0.1678394080769121,0.13535879996372666
6053,0,0,0.43439140925994413,0.25825810370150115,0.30735048703855483
6054,1,0,0.44899710632638606,0.28773576875775,0.26326712491586407
6055,1,2,0.026006254401621017,0.1827944000559984,0.7911993455423806
6056,2,2,0.06818552650973571,0.3164620056197224,0.6153524678705419
6057,2,2,0.028910215208494277,0.20597374867134163,0.765116036120164
6058,0,0,0.43169481403115373,0.2771514545877329,0.29115373138111345
6059,0,0,0.38162924364866896,0.34546234949240595,0.2729084068589251
6060,1,2,0.08229416496998822,0.25368794531760575,0.664017889712406
6061,2,2,0.15502496664686463,0.24097395127360596,0.6040010820795294
6062,2,2,0.06143782376701238,0.04642326452204697,0.8921389117109407
6063,2,2,0.24177740168408957,0.34552595252723034,0.41269664578868015
6064,2,2,0.255285723354096,0.22432831516143323,0.5203859614844709
6065,1,0,0.6304095471944625,0.12898673422647758,0.24060371857905996
6066,2,2,0.13786254595475017,0.2773299007110433,0.5848075533342065
6067,2,2,0.23563263849535868,0.08260656735932412,0.6817607941453172
6068,2,2,0.03527991452836186,0.2005186626158922,0.764201422855746
6069,2,2,0.09740394500374502,0.17932988972611297,0.723266165270142
6070,1,2,0.34815533073273247,0.29226231442576805,0.35958235484149936
6071,1,0,0.4575339214063865,0.3942774631086189,0.1481886154849946
6072,1,2,0.12496299376716205,0.24871807102265747,0.6263189352101804
6073,2,2,0.09521749645048327,0.2387865570233252,0.6659959465261915
6074,0,2,0.31251499594745397,0.2592557558335559,0.4282292482189901
6075,1,2,0.15789741404705904,0.23024049549380934,0.6118620904591315
6076,2,0,0.7301960032765397,0.12728572490687623,0.1425182718165842
6077,1,0,0.5361712307273941,0.237054337973575,0.22677443129903094
6078,0,0,0.5379977759468882,0.21557450622251956,0.24642771783059228
6079,2,2,0.03846640426802517,0.100072827203034,0.8614607685289409
6080,0,2,0.14154829610542538,0.13055076620880596,0.7279009376857687
6081,1,2,0.06064024067069511,0.21139375668938873,0.7279660026399162
6082,0,2,0.17753633009488612,0.19477185478661377,0.6276918151185001
6083,1,2,0.02399640390636631,0.16199208839793977,0.8140115076956939
6084,2,2,0.06090259183396366,0.11509222719605797,0.8240051809699783
6085,0,0,0.43140365120835833,0.25799929468989075,0.3105970541017509
6086,1,0,0.5282262586256822,0.1786825173585144,0.29309122401580334
6087,0,0,0.5660200150672546,0.3313718754016239,0.10260810953112154
6088,1,2,0.12944457807477017,0.20445585619842632,0.6660995657268034
6089,1,2,0.35910097965367926,0.21313551130369107,0.4277635090426297
6090,0,0,0.6494766810653656,0.2442033246779052,0.10631999425672914
6091,2,2,0.1781764111536452,0.2287045008785311,0.5931190879678236
6092,1,2,0.2126673999732129,0.20542290495692364,0.5819096950698635
6093,2,2,0.14564328643314034,0.27243840600620334,0.5819183075606563
6094,0,1,0.29699260609197575,0.5152376750211003,0.18776971888692398
6095,1,2,0.2977306755208297,0.2594560446797156,0.4428132797994548
6096,2,0,0.5179009326149615,0.25363154619459616,0.22846752119044228
6097,1,0,0.7076631102459383,0.16228431039936367,0.130052579354698
6098,1,0,0.5583898987675499,0.2267515645200633,0.21485853671238683
6099,2,2,0.12878127137645176,0.19197682648590497,0.6792419021376431
