,Outcome,Prediction,ProbA,ProbD,ProbH
7220,2,2,0.10535951924583482,0.19218464785019213,0.7024558329039731
7221,2,2,0.19656152532973242,0.27227076371582026,0.5311677109544474
7222,0,2,0.3076172296602736,0.2985541014373998,0.39382866890232654
7223,0,0,0.4711410290150861,0.2646554394041854,0.26420353158072846
7224,0,0,0.532681501802818,0.24112834414667053,0.22619015405051138
7225,2,2,0.26253703739269535,0.2872825918531924,0.4501803707541123
7226,1,2,0.32407101706472213,0.29860120927033684,0.3773277736649411
7227,0,0,0.4404031121749053,0.29005222199226693,0.2695446658328279
7228,2,2,0.1063681191475805,0.20441410028849233,0.6892177805639271
7229,1,2,0.3539592502762845,0.28858368328034645,0.357457066443369
7230,1,2,0.3002775357862087,0.29816354610650125,0.40155891810729
7231,2,2,0.21128574390411556,0.2710137113377961,0.5177005447580884
7232,2,2,0.18419074855100664,0.285330281068236,0.5304789703807574
7233,2,2,0.17852210500859328,0.2710938502712672,0.5503840447201396
7234,2,2,0.05987988979311734,0.1467023362012731,0.7934177740056096
7235,0,2,0.29083461027378466,0.2837093577920983,0.4254560319341171
7236,2,0,0.5904637136375606,0.2226530508648856,0.18688323549755387
7237,0,2,0.1892216426401876,0.2805832095548422,0.5301951478049702
7238,2,2,0.04029989064892998,0.11996255870914319,0.8397375506419268
7239,0,0,0.4619778715747476,0.2629458436353457,0.2750762847899067
7240,2,2,0.15965175185498268,0.25569770865887936,0.5846505394861379
7241,1,2,0.3022328046372549,0.28400724766299407,0.41375994769975105
7242,1,2,0.21724067133762448,0.27647678749992805,0.5062825411624475
7243,2,2,0.09223407438138431,0.19304868460233074,0.714717241016285
7244,0,2,0.30641965097629487,0.29204259820172573,0.4015377508219794
7245,1,0,0.678545750853727,0.19049546414864277,0.13095878499763008
7246,2,0,0.3579661684503085,0.29468987527410584,0.34734395627558573
7247,0,0,0.4382591449251374,0.26671043303667136,0.29503042203819135
7248,2,2,0.29656468087890375,0.2851203257417031,0.4183149933793931
7249,0,2,0.21712977977378536,0.25566760468412714,0.5272026155420875
7250,1,2,0.21618960598220224,0.27399827129328347,0.5098121227245144
7251,2,2,0.14709829823014534,0.23922150964401556,0.613680192125839
7252,0,2,0.20678542055025856,0.286823231566197,0.5063913478835445
7253,1,2,0.19280940260296636,0.28635071817996993,0.5208398792170637
7254,0,0,0.4411699499134879,0.27004586167546873,0.2887841884110435
7255,2,2,0.056320348148667605,0.1423554803000638,0.8013241715512686
7256,0,2,0.2121712102751674,0.2714589154028106,0.5163698743220221
7257,0,0,0.44729752500725917,0.27462502292971797,0.27807745206302287
7258,0,0,0.4232432698985026,0.2832627632044764,0.29349396689702095
7259,2,0,0.5462168725564254,0.23925020642719336,0.21453292101638122
7260,2,2,0.29335804870832455,0.2854099396634493,0.42123201162822604
7261,2,2,0.08452816223939594,0.18273794516152825,0.7327338925990758
7262,0,2,0.2983341232011954,0.28946703746921076,0.4121988393295939
7263,2,2,0.035691543954138594,0.1079891927570595,0.8563192632888019
7264,0,0,0.3785561002073686,0.27769447105149164,0.3437494287411398
7265,0,2,0.23077606529160252,0.25570556219875507,0.5135183725096425
7266,0,0,0.5838920657118987,0.22394210770803488,0.1921658265800663
7267,0,2,0.22027101081796097,0.2891798416294919,0.4905491475525471
7268,2,0,0.3579661684503085,0.29468987527410584,0.34734395627558573
7269,1,2,0.2761247158869138,0.28949148831059585,0.43438379580249037
7270,0,0,0.5529877142587539,0.23814142151244183,0.20887086422880433
7271,2,2,0.22234799719753195,0.2902125543165537,0.4874394484859144
7272,0,0,0.678545750853727,0.19049546414864277,0.13095878499763008
7273,1,2,0.25614216692631825,0.28912217426246994,0.4547356588112117
7274,1,2,0.28935433941502386,0.2973520010803312,0.4132936595046448
7275,2,2,0.20331665605033,0.28705829079156925,0.5096250531581008
7276,2,2,0.07969714556160354,0.1811022182327678,0.7392006362056286
7277,1,2,0.050783087147664316,0.1317887048076658,0.81742820804467
7278,2,2,0.21564513585942832,0.2798808213631951,0.5044740427773766
7279,1,0,0.4479881494584492,0.26531775943646024,0.28669409110509053
7280,2,2,0.14978678404663215,0.25035985189084126,0.5998533640625267
7281,1,2,0.3058351824075393,0.2845006033657133,0.4096642142267473
7282,2,2,0.16594244465125743,0.2652395320365386,0.568818023312204
7283,0,0,0.55940967922596,0.23733719820794622,0.20325312256609374
7284,2,2,0.04360692946817149,0.12531628817135484,0.8310767823604737
7285,0,2,0.2992946176511344,0.28361135452605973,0.41709402782280597
7286,2,0,0.5772608311290262,0.22518685148815087,0.197552317382823
7287,2,2,0.272738218115362,0.29565297378972843,0.4316088080949095
7288,0,0,0.3579661684503085,0.29468987527410584,0.34734395627558573
7289,2,2,0.2840931860244187,0.28609643839038007,0.42981037558520113
7290,2,2,0.2838914130243887,0.28605494296093886,0.4300536440146724
7291,1,2,0.16768042322263554,0.2699471717761941,0.5623724050011704
7292,0,2,0.1902464556809229,0.27210111406874693,0.5376524302503302
7293,0,2,0.284673870351351,0.28867287744736597,0.426653252201283
7294,2,2,0.08492587939857217,0.17600699308882273,0.7390671275126052
7295,2,2,0.05987988979311734,0.1467023362012731,0.7934177740056096
7296,0,2,0.29290586362380094,0.2848370471213979,0.42225708925480115
7297,0,0,0.4232432698985026,0.2832627632044764,0.29349396689702095
7298,1,2,0.34572404788336575,0.299392855114571,0.3548830970020632
7299,0,0,0.4790412196839873,0.26414830240928217,0.25681047790673056
7300,1,2,0.2139806833829164,0.2874587994303817,0.49856051718670186
7301,2,2,0.22560768675150641,0.28720211251438527,0.48719020073410835
7302,1,0,0.3570620453610865,0.2952666896930728,0.34767126494584066
7303,0,0,0.523239858442141,0.25021595665717844,0.2265441849006806
7304,2,2,0.0852905699159734,0.17479903569761088,0.7399103943864157
7305,0,2,0.24107246155156578,0.28920503828051347,0.46972250016792083
7306,0,0,0.5393986409248523,0.24030610740276073,0.22029525167238692
7307,0,2,0.28935433941502386,0.2973520010803312,0.4132936595046448
7308,2,2,0.25041065449720334,0.2892332689049342,0.46035607659786243
7309,2,2,0.20359395324651033,0.2753284712748554,0.5210775754786343
7310,2,2,0.21618960598220224,0.27399827129328347,0.5098121227245144
7311,0,2,0.30393768925101283,0.2983709937380355,0.39769131701095173
7312,1,2,0.23177514982019803,0.28927080887458057,0.47895404130522146
7313,2,2,0.0685544791822455,0.16070421384966743,0.7707413069680871
7314,1,2,0.29170162782870973,0.2910296687363249,0.4172687034349654
7315,2,2,0.25214144032746005,0.2868833826991914,0.4609751769733486
7316,0,2,0.3372508616656678,0.29173764055244417,0.37101149778188797
7317,1,2,0.34949694157316685,0.28477534605179855,0.3657277123750346
7318,2,2,0.11312057310749792,0.1980033031935565,0.6888761236989457
7319,0,2,0.3084903778635539,0.29598948891597593,0.39552013322047025
7320,1,2,0.35321690944881096,0.29241270335549335,0.3543703871956957
7321,0,0,0.561623831765606,0.22851520623003932,0.20986096200435464
7322,0,2,0.3150974768059632,0.2988875361128842,0.3860149870811525
7323,2,2,0.20162050079898028,0.28798198923901247,0.5103975099620072
7324,2,2,0.25140256277843603,0.289146519518721,0.4594509177028431
7325,2,2,0.32683051072582003,0.283820000174814,0.389349489099366
7326,0,0,0.5736991839002655,0.23962853532379091,0.18667228077594353
7327,2,2,0.15692574910427473,0.2441537957667209,0.5989204551290044
7328,2,2,0.037707014347300685,0.11615419722335873,0.8461387884293406
7329,2,2,0.21724067133762448,0.27647678749992805,0.5062825411624475
7330,2,2,0.2845670832250399,0.2969261648434913,0.41850675193146875
7331,0,0,0.5079757112547961,0.24893544508432155,0.24308884366088226
7332,1,2,0.2849893746905315,0.2883569307185817,0.4266536945908869
7333,1,2,0.2957154304454519,0.2893100274738185,0.4149745420807296
7334,2,2,0.28231586286219396,0.2868330765423302,0.43085106059547584
7335,1,2,0.28086837942535847,0.2900082981064604,0.4291233224681811
7336,1,2,0.10732549119167394,0.20980444316537342,0.6828700656429526
7337,1,2,0.17785628145608656,0.2552808251068531,0.5668628934370603
7338,2,2,0.0685544791822455,0.16070421384966743,0.7707413069680871
7339,2,2,0.16998656963558437,0.2454373615256741,0.5845760688387415
7340,1,2,0.3046768434679249,0.2877276523976507,0.40759550413442436
7341,2,2,0.16594244465125743,0.2652395320365386,0.568818023312204
7342,2,2,0.272738218115362,0.29565297378972843,0.4316088080949095
7343,1,2,0.0979336660365854,0.18591884717046664,0.7161474867929479
7344,2,2,0.185111060113808,0.24450326661701463,0.5703856732691773
7345,0,0,0.508318999452338,0.2515738310248552,0.24010716952280678
7346,0,0,0.6192614257635272,0.20830862066432362,0.17242995357214927
7347,0,0,0.3640907224743874,0.2814897538953877,0.3544195236302249
7348,0,2,0.2774274690253837,0.2961848033143846,0.4263877276602318
7349,0,2,0.2125131480112406,0.2897916439648502,0.49769520802390904
7350,2,2,0.22560768675150641,0.28720211251438527,0.48719020073410835
7351,2,2,0.30681391980056477,0.28611045585887096,0.40707562434056416
7352,0,2,0.27545723435211,0.2873437730475574,0.43719899260033246
7353,2,2,0.22197572532647603,0.2889702987607847,0.48905397591273925
7354,2,2,0.06110987850985094,0.14774250661450133,0.7911476148756478
7355,0,2,0.26184460790094294,0.28872019176727465,0.4494352003317824
7356,1,0,0.6031238137991003,0.22028784685263494,0.17658833934826465
7357,2,0,0.396567729568826,0.2841510421348513,0.31928122829632266
7358,2,2,0.08452816223939594,0.18273794516152825,0.7327338925990758
7359,2,2,0.1493300694626991,0.2325556858742604,0.6181142446630405
7360,2,2,0.22355029906552767,0.2879163372463485,0.4885333636881238
7361,2,2,0.29723690325666624,0.28720658188416104,0.4155565148591727
7362,0,0,0.6321610244377046,0.2031098422200933,0.16472913334220213
7363,2,2,0.2121712102751674,0.2714589154028106,0.5163698743220221
7364,0,0,0.3896930751996015,0.2833276586763766,0.32697926612402195
7365,1,2,0.2299624575880842,0.2898964555520931,0.48014108685982265
7366,1,2,0.3150974768059632,0.2988875361128842,0.3860149870811525
7367,1,2,0.13454267428892097,0.21557065787829868,0.6498866678327804
7368,2,2,0.06846130915797408,0.1640324240224053,0.7675062668196206
7369,2,0,0.48265587625305356,0.2687306878229531,0.24861343592399332
7370,2,2,0.13143856290317346,0.23851711153391214,0.6300443255629145
7371,0,0,0.4777959507733228,0.25804064594853177,0.2641634032781453
7372,2,2,0.17820004127982642,0.2757634554634749,0.5460365032566986
7373,2,2,0.272738218115362,0.29565297378972843,0.4316088080949095
7374,2,0,0.39968467416513687,0.30336740171658577,0.2969479241182772
7375,0,0,0.48832519711117595,0.25664308081145204,0.2550317220773719
7376,2,2,0.050783087147664316,0.1317887048076658,0.81742820804467
7377,2,2,0.2958836271051406,0.28303932176471547,0.4210770511301439
7378,0,2,0.20302775804102874,0.2723620945201582,0.5246101474388131
7379,1,2,0.21080388232373323,0.2886684095085679,0.5005277081676989
7380,2,2,0.2873431420183116,0.2870211981131423,0.42563565986854596
7381,0,2,0.29417915681003975,0.2977349540493042,0.408085889140656
7382,0,2,0.2910430550816041,0.2889167648045323,0.4200401801138635
7383,2,2,0.078295079068029,0.16670003036507816,0.7550048905668928
7384,2,2,0.1398524159012512,0.22144006161755372,0.638707522481195
7385,2,2,0.21550566442265542,0.2717620393405821,0.5127322962367625
7386,2,2,0.30393768925101283,0.2983709937380355,0.39769131701095173
7387,0,0,0.46392031906759257,0.26474835621778825,0.27133132471461907
7388,2,2,0.30278455694240786,0.2857300963510574,0.4114853467065347
7389,2,0,0.41937031638360867,0.2779664543750925,0.3026632292412987
7390,0,0,0.5342792329285143,0.2532399642967257,0.21248080277475995
7391,2,2,0.22794715049577152,0.28527956654277986,0.4867732829614486
7392,2,2,0.23328530425072935,0.28896084952073464,0.4777538462285361
7393,0,0,0.6107023060145109,0.22320723633231104,0.16609045765317804
7394,0,2,0.1671537948392139,0.24998733253200167,0.5828588726287844
7395,0,2,0.2636074605407339,0.2857901494380853,0.4506023900211808
7396,0,2,0.06625765737918526,0.15321994497438868,0.7805223976464262
7397,1,2,0.20302775804102874,0.2723620945201582,0.5246101474388131
7398,0,2,0.26324183391060885,0.28781268258803683,0.4489454835013544
7399,0,0,0.46682950086243324,0.26340364025647633,0.2697668588810906
7400,1,0,0.4043104729412319,0.2773477389105278,0.3183417881482404
7401,0,2,0.2524546164607789,0.2912774699530272,0.45626791358619395
7402,1,2,0.1902464556809229,0.27210111406874693,0.5376524302503302
7403,1,2,0.22560768675150641,0.28720211251438527,0.48719020073410835
7404,2,0,0.5378246922459009,0.2480410376043134,0.2141342701497857
7405,2,2,0.11406559660663776,0.21037845978316175,0.6755559436102005
7406,2,2,0.06278100232761406,0.15365333425761427,0.7835656634147717
7407,2,2,0.10627753532293834,0.19772803981610196,0.6959944248609596
7408,0,0,0.4559646636372445,0.2650794272629516,0.27895590909980383
7409,0,2,0.28565179652978606,0.2904835846599476,0.42386461881026627
7410,2,2,0.31092721793982814,0.28808103753147885,0.4009917445286929
7411,2,2,0.2774274690253837,0.2961848033143846,0.4263877276602318
7412,0,2,0.17852210500859328,0.2710938502712672,0.5503840447201396
7413,2,2,0.1780091393008207,0.24932184362120485,0.5726690170779745
7414,0,2,0.05987988979311734,0.1467023362012731,0.7934177740056096
7415,1,2,0.2892683012946276,0.2845305560281072,0.42620114267726517
7416,2,2,0.20067899301360756,0.28513776554317255,0.5141832414432199
7417,0,0,0.4076786286814735,0.2755774139934586,0.3167439573250679
7418,2,2,0.09123370904796367,0.18096557598138857,0.7278007149706477
7419,0,0,0.6587912261429206,0.19500259007848794,0.1462061837785915
7420,2,2,0.10732549119167394,0.20980444316537342,0.6828700656429526
7421,0,0,0.5736991839002655,0.23962853532379091,0.18667228077594353
7422,0,2,0.2608468201378057,0.2897620863157672,0.44939109354642703
7423,1,2,0.2434056776422935,0.28904958132575503,0.4675447410319515
7424,1,2,0.09769305556457651,0.20460393781003747,0.6977030066253861
7425,0,2,0.3463874614048773,0.2876971947527891,0.36591534384233354
7426,0,0,0.5707181387899786,0.22621338669572907,0.20306847451429233
7427,1,2,0.252839586932536,0.2883482135783177,0.45881219948914626
7428,0,2,0.3076172296602736,0.2985541014373998,0.39382866890232654
7429,2,2,0.15025765102689764,0.21930935272071314,0.6304329962523892
7430,0,0,0.5161598478233678,0.2507600684379561,0.23308008373867614
7431,2,2,0.1391599385648438,0.2413379980533186,0.6195020633818377
7432,1,2,0.2774274690253837,0.2961848033143846,0.4263877276602318
7433,2,2,0.13773769577903028,0.23413627248352406,0.6281260317374456
7434,0,2,0.23556964747067025,0.28883801004005283,0.4755923424892769
7435,0,2,0.19436044036480857,0.28622989710777774,0.5194096625274137
7436,2,0,0.3885851223170765,0.27663410716256637,0.33478077052035715
7437,2,2,0.2400461362431348,0.2896579304603234,0.4702959332965418
7438,0,2,0.26270534674723595,0.2761993839025947,0.4610952693501694
7439,2,2,0.035691543954138594,0.1079891927570595,0.8563192632888019
7440,2,2,0.3026807347769454,0.2981506692768668,0.3991685959461877
7441,2,2,0.2537982895952809,0.28894843569986545,0.45725327470485366
7442,2,2,0.13080873241557214,0.2208191406855926,0.6483721268988353
7443,2,2,0.06788364888064785,0.15963658495553804,0.772479766163814
7444,2,2,0.20302775804102874,0.2723620945201582,0.5246101474388131
7445,2,2,0.31266225644324586,0.2923605866009915,0.3949771569557626
7446,1,2,0.33228151857405186,0.2853303220760636,0.3823881593498846
7447,2,2,0.3150974768059632,0.2988875361128842,0.3860149870811525
7448,0,0,0.5736991839002655,0.23962853532379091,0.18667228077594353
7449,0,0,0.6502818793890593,0.19773832853561255,0.15197979207532802
7450,2,2,0.10732549119167394,0.20980444316537342,0.6828700656429526
7451,2,2,0.2845670832250399,0.2969261648434913,0.41850675193146875
7452,0,2,0.3120203390950167,0.2902975439996874,0.3976821169052958
7453,1,2,0.12167430016054367,0.20517212726995793,0.6731535725694984
7454,2,0,0.5970176515363909,0.2196337215807288,0.18334862688288026
7455,2,2,0.29417915681003975,0.2977349540493042,0.408085889140656
7456,2,0,0.42318131513293905,0.2714260309491904,0.30539265391787046
7457,1,2,0.13983597814521206,0.22690882906533424,0.6332551927894536
7458,1,2,0.29898758916140034,0.2915628971348925,0.40944951370370714
7459,2,2,0.08562127040397317,0.1810600262685241,0.7333187033275027
7460,1,2,0.27910579351753273,0.28555448940290823,0.43533971707955904
7461,1,2,0.1575356349704728,0.26467521204019634,0.5777891529893308
7462,2,2,0.30393768925101283,0.2983709937380355,0.39769131701095173
7463,2,2,0.10484915702521556,0.21041524208423013,0.6847356008905542
7464,2,2,0.1902464556809229,0.27210111406874693,0.5376524302503302
7465,0,2,0.16594244465125743,0.2652395320365386,0.568818023312204
7466,2,2,0.0989783646604642,0.19248210928736845,0.7085395260521673
7467,0,0,0.5131779158310688,0.2507571499325609,0.23606493423637046
7468,2,2,0.09878581304203259,0.18814479913127294,0.7130693878266945
7469,1,0,0.5004303121367483,0.2523060632751981,0.24726362458805362
7470,0,0,0.5143391459763754,0.2590774010095219,0.22658345301410263
7471,0,2,0.3394952896698469,0.2864621169096072,0.37404259342054597
7472,1,2,0.24575342429799177,0.28888474342488724,0.46536183227712097
7473,0,0,0.6107023060145109,0.22320723633231104,0.16609045765317804
7474,0,0,0.411495163839479,0.2778525547624982,0.31065228139802287
7475,2,2,0.12221042626832745,0.2156411034645907,0.6621484702670819
7476,0,2,0.21791246053095695,0.27872922840136766,0.5033583110676755
7477,2,2,0.31026560800651126,0.2860267555581783,0.4037076364353104
7478,2,2,0.12144926536396437,0.2042559450112901,0.6742947896247454
7479,2,2,0.12218076445349274,0.2090445301882579,0.6687747053582495
7480,1,2,0.3002775357862087,0.29816354610650125,0.40155891810729
7481,0,2,0.28935433941502386,0.2973520010803312,0.4132936595046448
7482,2,2,0.2121712102751674,0.2714589154028106,0.5163698743220221
7483,1,2,0.19656152532973242,0.27227076371582026,0.5311677109544474
7484,2,0,0.4373705938224018,0.272187376651789,0.29044202952580916
7485,0,2,0.2628874689966258,0.28866384795011263,0.44844868305326163
7486,2,2,0.231129692659558,0.28830582926683895,0.48056447807360303
7487,2,2,0.12291345812116884,0.23277386539962946,0.6443126764792017
7488,1,2,0.2034501459734424,0.2443595038942375,0.5521903501323201
7489,0,2,0.32407101706472213,0.29860120927033684,0.3773277736649411
7490,2,2,0.21724067133762448,0.27647678749992805,0.5062825411624475
7491,2,2,0.21245727836913073,0.28848904141196535,0.49905368021890395
7492,2,2,0.3217917504231962,0.2821467198779809,0.39606152969882286
7493,2,2,0.18074426500052468,0.26579180759491144,0.5534639274045638
7494,2,2,0.34585556563040054,0.28609941824489055,0.36804501612470886
7495,0,0,0.5392077498841764,0.23873143091885218,0.22206081919697146
7496,2,2,0.09909378431058923,0.19873933188742915,0.7021668838019817
7497,2,2,0.05169646441735429,0.13626485901564414,0.8120386765670016
7498,2,2,0.21791246053095695,0.27872922840136766,0.5033583110676755
7499,0,0,0.5786648357732719,0.22845688291712257,0.19287828130960566
7500,2,2,0.26182836208585325,0.2858409126722411,0.4523307252419055
7501,0,2,0.23221013062879733,0.2901141261110954,0.47767574326010737
7502,2,2,0.058160438941364925,0.148533040818977,0.7933065202396582
7503,1,2,0.15485435777139808,0.23142335341236014,0.6137222888162418
7504,2,2,0.2832134864421582,0.28617401557217026,0.4306124979856715
7505,2,2,0.22560768675150641,0.28720211251438527,0.48719020073410835
7506,1,0,0.41852369291026387,0.2758871120149768,0.30558919507475923
7507,0,0,0.48265587625305356,0.2687306878229531,0.24861343592399332
7508,2,2,0.30401012664186594,0.285658594688343,0.410331278669791
7509,2,2,0.29417915681003975,0.2977349540493042,0.408085889140656
7510,0,2,0.22566189088302463,0.28860457997944877,0.4857335291375266
7511,0,2,0.2946781656338643,0.2892036714157828,0.41611816295035303
7512,2,2,0.17852210500859328,0.2710938502712672,0.5503840447201396
7513,2,2,0.04749595392760072,0.13072063137548834,0.821783414696911
7514,2,2,0.30826825262571217,0.28214362650709834,0.40958812086718954
7515,2,0,0.5660779418856735,0.23612627503872824,0.19779578307559828
7516,2,0,0.40259007021282284,0.2886067062043091,0.30880322358286805
7517,1,2,0.08452816223939594,0.18273794516152825,0.7327338925990758
7518,2,2,0.15923163826768053,0.23911789767141461,0.6016504640609048
7519,1,2,0.26438823370206027,0.2890340933876819,0.44657767291025785
7520,0,2,0.24217097349285027,0.2909848452157102,0.4668441812914395
7521,2,2,0.24268491707740292,0.28777788218907585,0.4695372007335212
7522,2,0,0.36474801331588763,0.2860733576912817,0.34917862899283064
7523,0,0,0.5342792329285143,0.2532399642967257,0.21248080277475995
7524,0,2,0.25145013993198456,0.2863365288728068,0.46221333119520863
7525,2,2,0.1391599385648438,0.2413379980533186,0.6195020633818377
7526,2,2,0.21613705965457333,0.28741780238797493,0.4964451379574518
7527,0,0,0.678545750853727,0.19049546414864277,0.13095878499763008
7528,2,2,0.252201827565422,0.2893117028400886,0.4584864695944894
7529,2,2,0.0731734294615317,0.1649069680675234,0.7619196024709449
7530,0,2,0.3095947399479315,0.2839773391124555,0.40642792093961294
7531,0,0,0.4826558762530537,0.2687306878229531,0.24861343592399332
7532,2,2,0.29160800922874885,0.2752790456222066,0.4331129451490445
7533,2,2,0.169943336828404,0.26121885068316275,0.5688378124884332
7534,2,2,0.21550566442265542,0.2717620393405821,0.5127322962367625
7535,2,0,0.6107023060145109,0.22320723633231104,0.16609045765317804
7536,2,2,0.1124138550068212,0.21685257627202298,0.6707335687211559
7537,2,2,0.035691543954138594,0.1079891927570595,0.8563192632888019
7538,2,2,0.1140119891792848,0.2029336194947653,0.6830543913259499
7539,0,0,0.5309755572661798,0.24924918853458636,0.21977525419923383
7540,0,2,0.31290989316870554,0.28420518579982085,0.40288492103147366
7541,0,2,0.3057722068770058,0.28996440454063027,0.404263388582364
7542,0,2,0.28992230893417575,0.28437203802433464,0.4257056530414897
7543,2,2,0.3094989088676739,0.29234804960272265,0.39815304152960335
7544,2,2,0.12885899549028476,0.22823560881664698,0.6429053956930683
7545,0,2,0.24179083085862968,0.289769626181829,0.4684395429595413
7546,0,2,0.2935804675738075,0.2869316637273387,0.4194878686988538
7547,2,2,0.1391599385648438,0.2413379980533186,0.6195020633818377
7548,2,2,0.32407101706472213,0.29860120927033684,0.3773277736649411
7549,2,2,0.07881783049122548,0.17022699028416657,0.7509551792246079
7550,2,2,0.21791246053095695,0.27872922840136766,0.5033583110676755
7551,2,2,0.07381504047938728,0.16946941244242647,0.7567155470781863
7552,0,0,0.5600842775933044,0.23729896424782318,0.2026167581588724
7553,2,2,0.212702491254073,0.26075420832100243,0.5265433004249246
7554,0,0,0.39644184006265315,0.277041021858889,0.3265171380784577
7555,0,2,0.21618960598220224,0.27399827129328347,0.5098121227245144
7556,0,2,0.19656152532973242,0.27227076371582026,0.5311677109544474
7557,0,2,0.2802032712210164,0.287870967685625,0.4319257610933587
7558,2,2,0.1599210144454782,0.2313206039830609,0.6087583815714609
7559,2,2,0.22134377883784803,0.2879883936637643,0.4906678274983877
7560,1,2,0.30333434304746604,0.28359457487506057,0.41307108207747345
7561,1,2,0.2845670832250399,0.2969261648434913,0.41850675193146875
7562,0,2,0.19200470281025356,0.27012552405671136,0.5378697731330352
7563,0,0,0.5342792329285143,0.2532399642967257,0.21248080277475995
7564,2,0,0.48536876782730476,0.26197749733999814,0.25265373483269715
7565,1,2,0.18891297472444155,0.2614651425630207,0.5496218827125376
7566,2,2,0.07953546241436071,0.1755253160306209,0.7449392215550183
7567,1,2,0.24200811637141353,0.28721576119316067,0.4707761224354259
7568,0,2,0.2729710720360844,0.2926337279779106,0.43439519998600507
7569,2,0,0.4232432698985026,0.2832627632044764,0.29349396689702095
7570,2,2,0.08577150272711725,0.18676090952715538,0.7274675877457274
7571,1,2,0.2899451096420938,0.28663338013195416,0.4234215102259519
7572,1,2,0.2962642781332609,0.28583373870010026,0.4179019831666389
7573,2,2,0.22560768675150641,0.28720211251438527,0.48719020073410835
7574,1,2,0.29533427231624704,0.2913081277047001,0.41335759997905286
7575,0,2,0.09209709146658854,0.18661596071896377,0.7212869478144477
7576,0,2,0.21550566442265542,0.2717620393405821,0.5127322962367625
7577,0,0,0.48330786499413,0.2736171815492408,0.2430749534566291
7578,2,2,0.3299872863276551,0.2894399838967251,0.3805727297756198
7579,1,2,0.16299174996831828,0.23063504565220266,0.6063732043794791
7580,2,2,0.282371140625965,0.2905913879833071,0.4270374713907279
7581,2,0,0.5235700645121321,0.2434523780715259,0.23297755741634202
7582,0,2,0.3076172296602736,0.2985541014373998,0.39382866890232654
7583,0,0,0.49285365075603876,0.25278978844668115,0.25435656079728014
7584,2,2,0.23280054595861774,0.28794914566866237,0.4792503083727199
7585,2,2,0.22560768675150641,0.28720211251438527,0.48719020073410835
7586,1,2,0.14037467541423918,0.24486008512897112,0.6147652394567896
7587,2,2,0.12041617100757883,0.2225827565233026,0.6570010724691185
7588,1,0,0.5966771425898101,0.2216619827501189,0.18166087466007105
7589,2,2,0.07211696362687299,0.16012266654977045,0.7677603698233565
7590,0,0,0.6411820647370923,0.20041477810089559,0.1584031571620122
7591,0,2,0.28640705352784546,0.2953579355966955,0.418235010875459
7592,2,2,0.2669281617756598,0.28840278962040955,0.44466904860393064
7593,0,2,0.3002775357862087,0.29816354610650125,0.40155891810729
7594,1,0,0.3866195983531307,0.28157142751984815,0.33180897412702115
7595,2,2,0.0685544791822455,0.16070421384966743,0.7707413069680871
7596,0,2,0.050783087147664316,0.1317887048076658,0.81742820804467
7597,1,2,0.26905448881144217,0.2886159078412669,0.442329603347291
7598,1,2,0.13080219179264058,0.2147821654829619,0.6544156427243976
7599,0,2,0.2817023030320973,0.284992578597245,0.4333051183706577
7600,2,2,0.0396851867743877,0.11571612054275153,0.8445986926828608
7601,0,0,0.5504156626514126,0.24238909206182793,0.20719524528675942
7602,1,2,0.20783359777009588,0.27254484117594713,0.519621561053957
7603,2,2,0.26183248879355925,0.28675168235495474,0.45141582885148607
7604,1,2,0.30399808011515683,0.28871932760877034,0.40728259227607283
7605,0,2,0.20274924118171464,0.28800428736475814,0.5092464714535272
7606,2,2,0.07414256023960872,0.16740020536388672,0.7584572343965047
7607,1,2,0.28394741803616674,0.2924032218589786,0.4236493601048546
7608,0,0,0.4573793187477124,0.2644425898326046,0.27817809141968297
7609,2,0,0.3806616485112612,0.2861707469293488,0.33316760455939004
7610,2,2,0.1124138550068212,0.21685257627202298,0.6707335687211559
7611,0,2,0.29786965237015683,0.2980261250833248,0.4041042225465184
7612,1,2,0.3090015572986823,0.29223585832728355,0.39876258437403417
7613,2,2,0.22954351718764898,0.29293164891190954,0.4775248339004414
7614,2,2,0.29424265003027733,0.29777851459447696,0.40797883537524565
7615,0,0,0.6326625905004223,0.2048772548160291,0.16246015468354863
7616,1,2,0.14750640595884063,0.2174898776150789,0.6350037164260806
7617,2,2,0.3064956607847197,0.2985654982180836,0.3949388409971967
7618,1,2,0.1335172218391964,0.2195268155368028,0.6469559626240008
7619,1,2,0.28562091441566334,0.2977279296562669,0.4166511559280697
7620,2,2,0.3326953450230061,0.2983180245494269,0.3689866304275669
7621,0,0,0.555294814451072,0.24569031151517634,0.1990148740337517
7622,0,2,0.271421670932603,0.2889335526336905,0.4396447764337065
7623,0,2,0.16173628860354092,0.2578465871749478,0.5804171242215113
7624,0,2,0.3214411598251787,0.29912172290718914,0.3794371172676321
7625,0,2,0.27245656528866397,0.2922365961877032,0.43530683852363283
7626,2,2,0.13470795696001628,0.21359382492201792,0.6516982181179658
7627,0,0,0.6154811547454312,0.21019487134434467,0.1743239739102241
7628,0,2,0.10672111673950464,0.20732860642822115,0.6859502768322742
7629,1,2,0.16992959553404735,0.27059834981642994,0.5594720546495227
7630,1,0,0.4235821677465238,0.27554103238490585,0.3008767998685704
7631,1,2,0.0648227637803469,0.15284438031370742,0.7823328559059457
7632,2,2,0.19429067183689483,0.2730575964604099,0.5326517317026952
7633,2,2,0.22169114047867028,0.2912331494971095,0.4870757100242203
7634,2,2,0.039045933765049126,0.11842006418167571,0.8425340020532751
7635,1,2,0.2958877327188512,0.287643420444757,0.41646884683639185
7636,2,2,0.1765688174576968,0.2720490425062213,0.5513821400360818
7637,0,0,0.6244479014531811,0.20722616366935429,0.1683259348774647
7638,2,2,0.27091826870422586,0.29346441875509444,0.4356173125406797
7639,1,2,0.29709454046371764,0.28319969558347585,0.41970576395280657
7640,2,2,0.053843260967654634,0.14167195582162043,0.8044847832107249
7641,1,2,0.2761247158869138,0.28949148831059585,0.43438379580249037
7642,2,2,0.19430187258509726,0.27253154343739655,0.5331665839775062
7643,0,2,0.2798182975738308,0.29645778348439034,0.42372391894177885
7644,2,2,0.12255990383456283,0.21930661376584798,0.6581334823995891
7645,0,0,0.4193492384650683,0.27553586254568646,0.30511489898924515
7646,2,0,0.6756160786631529,0.1919268984623316,0.1324570228745154
7647,2,2,0.3153063481189799,0.2841018034951356,0.4005918483858846
7648,1,0,0.4159477717827735,0.2762634267218082,0.3077888014954183
7649,1,2,0.31769375095664426,0.29903002549138424,0.38327622355197155
7650,0,2,0.28822441245247893,0.28854996444092695,0.4232256231065941
7651,2,0,0.4210006204971852,0.27477248617858013,0.3042268933242346
7652,2,2,0.21618960598220224,0.27399827129328347,0.5098121227245144
7653,0,2,0.15290046280589087,0.256331266063236,0.5907682711308733
7654,2,2,0.06382753147395424,0.1526900987305746,0.7834823697954711
7655,1,2,0.23411223711430512,0.2883840956182459,0.477503667267449
7656,1,2,0.32418294946893317,0.2872926825215963,0.38852436800947054
7657,2,2,0.34320711562507655,0.2902159752729007,0.3665769091020227
7658,2,2,0.08452816223939594,0.18273794516152825,0.7327338925990758
7659,0,2,0.3126221808782696,0.289034268980386,0.39834355014134437
7660,0,0,0.6502608353976622,0.20389234305033052,0.14584682155200732
7661,1,2,0.2845670832250399,0.2969261648434913,0.41850675193146875
7662,1,2,0.29879929269792654,0.28805151519771593,0.4131491921043574
7663,2,2,0.07558404682851785,0.17266433103358625,0.7517516221378959
7664,2,2,0.19429067183689483,0.2730575964604099,0.5326517317026952
7665,2,2,0.09256976183381277,0.19463145543700255,0.7127987827291847
7666,2,2,0.21499523986513194,0.29136970771582266,0.49363505241904543
7667,0,0,0.5040483663415293,0.2638964885509651,0.2320551451075056
7668,2,2,0.21214014258025937,0.29114583818620826,0.49671401923353237
7669,1,2,0.29269316743619994,0.29549684232900664,0.4118099902347934
7670,2,0,0.5158030833117485,0.2535427795540197,0.23065413713423177
7671,2,2,0.31729724720923064,0.28840701762561594,0.39429573516515354
7672,2,2,0.08023341097172274,0.17077245849202632,0.748994130536251
7673,0,2,0.22560768675150641,0.28720211251438527,0.48719020073410835
7674,1,2,0.1863594245236911,0.2729651080279305,0.5406754674483785
7675,0,2,0.23902370903355571,0.29294488961356635,0.468031401352878
7676,2,2,0.12882777983108465,0.22926300684367432,0.641909213325241
7677,0,2,0.0884809552046069,0.17874982705991085,0.7327692177354822
7678,0,0,0.5451985708727399,0.2427025701063791,0.21209885902088094
7679,2,0,0.4091584723903597,0.27470092414239733,0.3161406034672429
7680,2,2,0.23947683145083876,0.29345401855034536,0.46706914999881577
7681,2,2,0.272738218115362,0.29565297378972843,0.4316088080949095
7682,1,2,0.20783359777009588,0.27254484117594713,0.519621561053957
7683,2,2,0.09421485826277609,0.19115662939446823,0.7146285123427557
7684,2,2,0.20311887264282918,0.2889394773052106,0.5079416500519602
7685,1,2,0.13114741939056665,0.2248666372694155,0.6439859433400179
7686,1,2,0.15968518737576873,0.2653742586683969,0.5749405539558343
7687,0,0,0.5910284008462956,0.22279740196470876,0.1861741971889957
7688,1,0,0.431394309381363,0.2879594764889498,0.2806462141296872
7689,2,0,0.48265587625305356,0.2687306878229531,0.24861343592399332
7690,0,2,0.31164513223639523,0.29018101802717383,0.398173849736431
7691,2,2,0.03676470250404549,0.1097574237141806,0.853477873781774
7692,2,2,0.32658515460152665,0.29189548319491615,0.38151936220355714
7693,1,2,0.24100902719482076,0.29151403974771173,0.4674769330574676
7694,1,2,0.1765688174576968,0.2720490425062213,0.5513821400360818
7695,0,0,0.5375077681898747,0.24375827643904108,0.21873395537108425
7696,1,2,0.34399586215392963,0.28408322918747175,0.37192090865859856
7697,1,2,0.13767075508785923,0.23587608696206777,0.6264531579500731
7698,2,2,0.16112709222848795,0.22478023260497504,0.614092675166537
7699,0,0,0.4346095351398085,0.28099112913975877,0.28439933572043263
7700,2,0,0.40091178909542624,0.27458059852691064,0.32450761237766323
7701,1,2,0.1888144230059974,0.2625687144779385,0.5486168625160641
7702,0,0,0.6502608353976622,0.20389234305033052,0.14584682155200732
7703,2,2,0.21791246053095695,0.27872922840136766,0.5033583110676755
7704,2,2,0.04160092873953269,0.12240702715306716,0.8359920441074001
7705,2,2,0.2845670832250399,0.2969261648434913,0.41850675193146875
7706,0,2,0.21944589761507285,0.2916901908183408,0.48886391156658615
7707,0,0,0.5016548281336992,0.25069020815321963,0.2476549637130812
7708,0,2,0.29435478220841027,0.2899821136974691,0.41566310409412055
7709,1,0,0.3985781070504888,0.2801455373278762,0.32127635562163487
7710,0,2,0.311444763671512,0.298795038825121,0.38976019750336705
7711,2,2,0.10862699726965512,0.20300287560446295,0.688370127125882
7712,2,2,0.30726231854119623,0.2879351626418418,0.404802518816962
7713,2,2,0.2753271594865063,0.28877819716501485,0.4358946433484788
7714,0,2,0.32207606117314674,0.2900631721315587,0.38786076669529457
7715,1,2,0.07414256023960872,0.16740020536388672,0.7584572343965047
7716,2,0,0.37597352170308945,0.28494032111781614,0.33908615717909446
7717,2,2,0.11653427261727362,0.2270992284243789,0.6563664989583475
7718,2,2,0.13213790150542304,0.235812102790235,0.632049995704342
7719,2,2,0.2324133436059909,0.2790088018214308,0.48857785457257835
7720,0,0,0.43925079532718814,0.2704830628626699,0.2902661418101421
7721,1,2,0.10484202281645395,0.21106595054136065,0.6840920266421855
7722,0,2,0.3374650941699432,0.28293151655320586,0.3796033892768509
7723,0,2,0.3127276618394554,0.2924014187788366,0.39487091938170804
7724,0,0,0.5872891827112107,0.2212662986646501,0.19144451862413925
7725,0,2,0.15290046280589087,0.256331266063236,0.5907682711308733
7726,0,2,0.22136298644863348,0.28993143666463084,0.4887055768867357
7727,2,2,0.15523843177611482,0.22849593813373464,0.6162656300901506
7728,1,0,0.4346095351398085,0.28099112913975877,0.28439933572043263
7729,2,2,0.29424265003027733,0.29777851459447696,0.40797883537524565
7730,1,0,0.6305246585027815,0.20344882815463178,0.16602651334258672
7731,0,2,0.2961239646096775,0.2871892106961061,0.41668682469421636
7732,0,2,0.12476306693745683,0.21441721004770875,0.6608197230148344
7733,2,2,0.04277225430988702,0.12604204739454547,0.8311856982955674
7734,2,2,0.11443386527332577,0.21268659901033035,0.6728795357163438
7735,2,2,0.3017047250707045,0.289625399294458,0.4086698756348374
7736,1,0,0.48265587625305356,0.2687306878229531,0.24861343592399332
7737,1,2,0.13213790150542304,0.235812102790235,0.632049995704342
7738,2,2,0.27301214251860184,0.2923247738511733,0.4346630836302248
7739,1,2,0.10154306264159871,0.20426279141384818,0.6941941459445531
7740,2,2,0.2510593127684562,0.29138644853678886,0.4575542386947549
7741,0,0,0.6400150447198364,0.200899953554492,0.15908500172567175
7742,2,2,0.0648227637803469,0.15284438031370742,0.7823328559059457
7743,2,2,0.24134047476314022,0.2927915210764969,0.46586800416036295
7744,2,2,0.3384622452485468,0.2940404725964285,0.36749728215502464
7745,2,2,0.21686764999864713,0.27624262732183474,0.506889722679518
7746,2,2,0.22576232932237397,0.2937248874567176,0.4805127832209083
7747,2,2,0.08698119645638615,0.17753082991855168,0.7354879736250622
7748,0,2,0.29424265003027733,0.29777851459447696,0.40797883537524565
7749,0,2,0.09769305556457651,0.20460393781003747,0.6977030066253861
7750,2,0,0.44422045454985437,0.2688825875940669,0.28689695785607877
7751,0,0,0.6073642533284367,0.2116725294090095,0.1809632172625538
7752,2,2,0.09944396529567498,0.20034766058066258,0.7002083741236624
7753,1,2,0.25112733426915146,0.29259439356064104,0.45627827217020756
7754,0,2,0.1041109842259552,0.19311837998525788,0.702770635788787
7755,0,2,0.3214411598251787,0.29912172290718914,0.3794371172676321
7756,2,2,0.24403985296001823,0.2891115962091687,0.46684855083081317
7757,0,2,0.22560768675150641,0.28720211251438527,0.48719020073410835
7758,1,0,0.36488258173828964,0.28738597542960737,0.34773144283210305
7759,0,0,0.3937326587833925,0.2815367547482167,0.32473058646839087
7760,2,2,0.06827345829549339,0.15843220375590045,0.7732943379486061
7761,2,2,0.28287020101102445,0.2868605420475062,0.43026925694146934
7762,0,2,0.10121286615541504,0.19646372772947893,0.7023234061151061
7763,1,2,0.17027028838430103,0.2708728247732627,0.5588568868424363
7764,2,2,0.22560768675150641,0.28720211251438527,0.48719020073410835
7765,0,2,0.3079175438049894,0.29000316945085297,0.40207928674415766
7766,1,2,0.20600522332003052,0.27730981869754023,0.5166849579824292
7767,0,0,0.37438396620784553,0.2856443620706802,0.3399716717214743
7768,0,0,0.3955034085430596,0.30362592405266153,0.300870667404279
7769,1,2,0.2117292618831568,0.28859409948396947,0.49967663863287376
7770,1,2,0.35433672556899853,0.28919619695615334,0.35646707747484824
7771,0,2,0.2798182975738308,0.29645778348439034,0.42372391894177885
7772,0,2,0.2467318074603182,0.28935032414220113,0.4639178683974806
7773,0,2,0.21791246053095695,0.27872922840136766,0.5033583110676755
7774,2,2,0.2862293434666873,0.2891841176651449,0.42458653886816783
7775,0,0,0.36887539184874313,0.2933572652931514,0.33776734285810545
7776,2,2,0.07512481926686337,0.16483797906011582,0.7600372016730208
7777,2,0,0.3645972862626456,0.28628507175514173,0.3491176419822127
7778,0,2,0.2933771163153139,0.27734593999483625,0.42927694368984987
7779,2,2,0.08609307931686411,0.18831271018889184,0.725594210494244
7780,2,2,0.22560768675150641,0.28720211251438527,0.48719020073410835
7781,1,0,0.44904631021929325,0.2648490740276078,0.286104615753099
7782,0,2,0.08141481520100734,0.17877567352989931,0.7398095112690934
7783,2,2,0.28325345638225685,0.2915274070397931,0.42521913657795
7784,2,2,0.1926279006994826,0.28823633585085073,0.5191357634496666
7785,1,2,0.311444763671512,0.298795038825121,0.38976019750336705
7786,2,2,0.14232225915358793,0.2463385003456445,0.6113392405007676
7787,0,0,0.526405150686799,0.2491853059218969,0.2244095433913041
7788,2,0,0.4756753593967299,0.27674842056157006,0.24757622004169993
7789,2,2,0.28931285739691787,0.2908456165639635,0.4198415260391186
7790,0,2,0.31575030956737143,0.28606001880835646,0.3981896716242721
7791,1,2,0.2967878051669161,0.2892834089208217,0.41392878591226223
7792,2,2,0.1863594245236911,0.2729651080279305,0.5406754674483785
7793,1,0,0.5192131535734905,0.2577019623279167,0.22308488409859284
7794,0,2,0.27058625534911135,0.29222726024203727,0.4371864844088514
7795,0,0,0.41567998796130323,0.2754626290783142,0.3088573829603827
7796,0,2,0.33494576111206986,0.2850906801685992,0.3799635587193309
7797,2,2,0.09432749484280488,0.1848514502330969,0.7208210549240982
7798,2,2,0.03676470250404549,0.1097574237141806,0.853477873781774
7799,1,0,0.5521224872773833,0.24193300664993556,0.2059445060726812
7800,0,2,0.21618960598220224,0.27399827129328347,0.5098121227245144
7801,0,2,0.30944649467064245,0.285749295625721,0.40480420970363656
7802,2,0,0.5087085104820809,0.2540366026898463,0.23725488682807286
7803,2,2,0.3121216964543818,0.29013731757979605,0.39774098596582214
7804,2,2,0.08151336001280919,0.17150961325972414,0.7469770267274667
7805,1,2,0.3064956607847197,0.2985654982180836,0.3949388409971967
7806,2,2,0.2292154698066355,0.2916372687463545,0.47914726144701
7807,2,2,0.21508828937133034,0.2728045129612822,0.5121071976673874
7808,2,2,0.0396851867743877,0.11571612054275153,0.8445986926828608
7809,2,2,0.31769375095664426,0.29903002549138424,0.38327622355197155
7810,1,0,0.43252453942989194,0.27099594971865815,0.29647951085144986
7811,2,2,0.08761583525893654,0.1843527181660465,0.728031446575017
7812,2,2,0.17219532039508748,0.2796643521289714,0.5481403274759411
7813,0,2,0.19417700774165444,0.2881140208451189,0.5177089714132267
