,Outcome,Prediction,ProbA,ProbD,ProbH
6840,2,2,0.11247130459051982,0.2109858151562134,0.6765428802532668
6841,2,2,0.16337379501313826,0.2535163035262592,0.5831099014606025
6842,0,0,0.3604797426772165,0.2884224120708656,0.3510978452519178
6843,0,0,0.564179289228553,0.2294434930858856,0.20637721768556144
6844,0,0,0.5517279175061608,0.23391748577360022,0.214354596720239
6845,2,2,0.3071662628658645,0.29780515242030076,0.39502858471383473
6846,1,0,0.4316153744752559,0.27153572705920204,0.296848898465542
6847,0,0,0.4198324075297125,0.27463878653516155,0.3055288059351259
6848,2,2,0.06937917290388201,0.16245873285007195,0.768162094246046
6849,1,2,0.229694584950812,0.29284831530945277,0.47745709973973516
6850,1,0,0.3684811518125349,0.286755237092286,0.34476361109517906
6851,2,2,0.24564813563319648,0.3001424901298233,0.4542093742369802
6852,2,2,0.2013318176241204,0.27791312749430225,0.5207550548815774
6853,2,2,0.12507511256230264,0.22275414490042725,0.6521707425372701
6854,2,2,0.06377262195618945,0.15492640301711533,0.7813009750266954
6855,0,2,0.2617000965713809,0.30305962806177406,0.4352402753668451
6856,2,0,0.553001329684959,0.23346461401598007,0.21353405629906097
6857,0,2,0.19099132628499543,0.27179645681738934,0.5372122168976152
6858,2,2,0.06377262195618945,0.15492640301711533,0.7813009750266954
6859,0,0,0.5380321754200744,0.2387200610464325,0.22324776353349307
6860,2,2,0.09399405181338379,0.19193765399253704,0.7140682941940792
6861,1,2,0.30673556425822207,0.297867726244314,0.39539670949746386
6862,1,2,0.2272067959048268,0.2916412597913824,0.4811519443037907
6863,2,2,0.06377262195618945,0.15492640301711533,0.7813009750266954
6864,0,2,0.3125808691369649,0.296999209229267,0.3904199216337681
6865,1,0,0.564179289228553,0.2294434930858856,0.20637721768556144
6866,2,2,0.3042819668346937,0.29821983124279533,0.39749820192251095
6867,0,0,0.50652969449813,0.24928468247272426,0.24418562302914562
6868,2,2,0.3552368832987357,0.2894802743141407,0.35528284238712365
6869,0,2,0.31463186061058324,0.29668470294720056,0.38868343644221615
6870,1,2,0.21794612040441172,0.2869776598833464,0.49507621971224186
6871,2,2,0.08650559544892844,0.18352096907579943,0.7299734354752722
6872,0,2,0.22753017398766953,0.29179924399211543,0.4806705820202149
6873,1,2,0.13064349742791276,0.227671636331239,0.6416848662408482
6874,0,0,0.5089245710220349,0.24850559152312254,0.24256983745484242
6875,2,2,0.06377262195618945,0.15492640301711533,0.7813009750266954
6876,0,2,0.17053094610150812,0.2585395488122865,0.5709295050862054
6877,0,0,0.52192695538508,0.24420611954980354,0.23386692506511647
6878,0,0,0.564179289228553,0.2294434930858856,0.20637721768556144
6879,2,0,0.564179289228553,0.2294434930858856,0.20637721768556144
6880,2,2,0.308149124353128,0.29766150589211443,0.39418936975475743
6881,2,2,0.06377262195618945,0.15492640301711533,0.7813009750266954
6882,0,2,0.34414440670191543,0.29162571274758514,0.3642298805504994
6883,2,2,0.06377262195618945,0.15492640301711533,0.7813009750266954
6884,0,0,0.4791620168596332,0.25789829015166593,0.2629396929887009
6885,0,2,0.2767755627849842,0.30163451124833823,0.42158992596667755
6886,0,0,0.5556049059443683,0.23253535404326953,0.2118597400123622
6887,0,2,0.19220167182947837,0.2725319511205267,0.5352663770499949
6888,2,2,0.29768866739601113,0.2991286951697673,0.4031826374342215
6889,1,2,0.21603652722326364,0.2859820388328827,0.49798143394385364
6890,0,0,0.564179289228553,0.2294434930858856,0.20637721768556144
6891,2,2,0.3204284327701685,0.2957689439463322,0.38380262328349923
6892,0,0,0.564179289228553,0.2294434930858856,0.20637721768556144
6893,1,2,0.2469538305916806,0.3007060070118429,0.45234016239647656
6894,1,2,0.2635612009242632,0.3029020059277286,0.43353679314800814
6895,2,2,0.1369653211552239,0.23305903815295465,0.6299756406918214
6896,2,2,0.06377262195618945,0.15492640301711533,0.7813009750266954
6897,1,2,0.06377262195618945,0.15492640301711533,0.7813009750266954
6898,2,2,0.12084475746586408,0.218905663585136,0.6602495789489999
6899,1,0,0.5261082166869157,0.24279876725683672,0.2310930160562475
6900,2,2,0.06377262195618945,0.15492640301711533,0.7813009750266954
6901,1,2,0.3252899992653232,0.294970803538913,0.37973919719576377
6902,2,2,0.1565304166337244,0.24851396281215823,0.5949556205541173
6903,0,0,0.564179289228553,0.2294434930858856,0.20637721768556144
6904,2,2,0.06377262195618945,0.15492640301711533,0.7813009750266954
6905,0,2,0.3076166196270096,0.2977394790518679,0.3946439013211225
6906,2,0,0.479791895016596,0.2577061291940798,0.2625019757893243
6907,2,2,0.3291026815280494,0.29432602800849234,0.37657129046345833
6908,0,2,0.338425212022402,0.29268136936884415,0.36889341860875385
6909,2,2,0.2675668733577659,0.3025449695084871,0.42988815713374706
6910,2,2,0.30040984578955476,0.29876024359330444,0.4008299106171407
6911,1,2,0.18984545086922366,0.27109528014569767,0.5390592689850787
6912,0,2,0.179834347572029,0.2647643152419074,0.5554013371860637
6913,0,2,0.24606783019352177,0.30032416628189734,0.4536080035245809
6914,2,2,0.09711079225813977,0.19531526764096727,0.707573940100893
6915,2,2,0.06377262195618945,0.15492640301711533,0.7813009750266954
6916,0,2,0.3233759838890313,0.29528827185287254,0.38133574425809613
6917,0,0,0.564179289228553,0.2294434930858856,0.20637721768556144
6918,1,2,0.3407356148598682,0.2922591238283577,0.3670052613117741
6919,0,0,0.5303848178982913,0.24134699004730037,0.2282681920544084
6920,1,2,0.2119170649619882,0.2837939247661262,0.5042890102718857
6921,2,2,0.2827173559947508,0.3009828825382879,0.41629976146696135
6922,1,2,0.21489585999993022,0.2853816933525139,0.4997224466475559
6923,0,0,0.564179289228553,0.2294434930858856,0.20637721768556144
6924,2,2,0.06377262195618945,0.15492640301711533,0.7813009750266954
6925,0,2,0.22671908375821545,0.291402376660248,0.4818785395815366
6926,0,0,0.5425480919349803,0.23715033054739376,0.22030157751762589
6927,0,2,0.24009341321926383,0.29768919683895073,0.46221738994178546
6928,2,2,0.20412755611405559,0.27950306771542305,0.5163693761705214
6929,2,2,0.12110495720056202,0.2191452581828727,0.6597497846165653
6930,2,2,0.20595150498477655,0.28052602306262203,0.5135224719526015
6931,0,0,0.3755166782542428,0.2852378649786283,0.339245456767129
6932,1,2,0.21140897827803154,0.2835201979941306,0.5050708237278378
6933,2,2,0.06377262195618945,0.15492640301711533,0.7813009750266954
6934,1,2,0.2668476291196056,0.3026108500261248,0.43054152085426967
6935,2,2,0.23210037249735022,0.2939974518838485,0.47390217561880144
6936,0,0,0.564179289228553,0.2294434930858856,0.20637721768556144
6937,1,0,0.5175804904240519,0.2456563642910212,0.23676314528492692
6938,2,2,0.1394091167591631,0.23508795793163373,0.6255029253092032
6939,0,0,0.38693729520143355,0.2826751121165246,0.3303875926820418
6940,1,2,0.33607686435149153,0.2931046394944956,0.37081849615401286
6941,0,0,0.43783236752469884,0.2698528086826702,0.292314823792631
6942,0,0,0.43049131096315313,0.2718366688739656,0.29767202016288113
6943,2,2,0.1757507396109314,0.26207351400052853,0.5621757463885401
6944,2,2,0.20610145899952234,0.2806096243242178,0.5132889166762598
6945,2,2,0.193764809090952,0.27347407228768694,0.532761118621361
6946,0,0,0.564179289228553,0.2294434930858856,0.20637721768556144
6947,2,2,0.06893565556434236,0.1618754448708176,0.7691888995648402
6948,2,2,0.06377262195618945,0.15492640301711533,0.7813009750266954
6949,2,2,0.2498745861711796,0.30194860907439663,0.4481768047544238
6950,2,2,0.33698013134113053,0.29294254163221406,0.37007732702665547
6951,0,0,0.5477805621115115,0.23531448498454705,0.21690495290394143
6952,1,0,0.3728144365725612,0.28582628329130355,0.34135928013613526
6953,1,2,0.15254516359665907,0.24550776514708597,0.6019470712562549
6954,2,2,0.29265226476809003,0.299785518173357,0.40756221705855294
6955,1,2,0.22798849552504608,0.2920225980888433,0.4799889063861106
6956,1,2,0.06377262195618945,0.15492640301711533,0.7813009750266954
6957,1,2,0.10443659616284846,0.20298366198785894,0.6925797418492926
6958,2,2,0.06377262195618945,0.15492640301711533,0.7813009750266954
6959,2,2,0.10806409135247376,0.20664734836130425,0.685288560286222
6960,1,2,0.34125177088381914,0.29216400895441336,0.3665842201617674
6961,2,2,0.10719898900731603,0.20578135788228633,0.6870196531103976
6962,2,2,0.32177545741571906,0.2955505210190989,0.38267402156518215
6963,1,2,0.09519337283072099,0.19324578308962423,0.7115608440796548
6964,2,2,0.2610839894407473,0.303110639228474,0.4358053713307788
6965,0,0,0.564179289228553,0.2294434930858856,0.20637721768556144
6966,0,0,0.564179289228553,0.2294434930858856,0.20637721768556144
6967,0,0,0.46891872017477965,0.2609821274000954,0.270099152425125
6968,0,2,0.2210391020150504,0.2885654486982233,0.49039544928672646
6969,0,2,0.30362309009158134,0.29831311233851154,0.39806379756990723
6970,2,2,0.2835719319540934,0.3008851332408041,0.4155429348051024
6971,2,2,0.1962449145503796,0.27495106679636266,0.5288040186532577
6972,0,2,0.3053330437691591,0.2980699074394505,0.39659704879139046
6973,2,2,0.14995132996741717,0.24351330012897393,0.6065353699036089
6974,2,2,0.06377262195618945,0.15492640301711533,0.7813009750266954
6975,0,2,0.26245098456925214,0.30299667000937336,0.43455234542137444
6976,1,0,0.5093815177455254,0.248356483789685,0.24226199846478963
6977,2,2,0.3133342765657481,0.2968842628086458,0.38978146062560604
6978,2,2,0.06377262195618945,0.15492640301711533,0.7813009750266954
6979,2,2,0.08567747551205979,0.1825627834570029,0.7317597410309373
6980,2,2,0.14653136100639033,0.24083696524321066,0.6126316737503991
6981,2,2,0.28560141191988847,0.3006489929623478,0.41374959511776366
6982,0,0,0.564179289228553,0.2294434930858856,0.20637721768556144
6983,2,2,0.1441791033667,0.23896480980308982,0.6168560868302101
6984,0,0,0.564179289228553,0.2294434930858856,0.20637721768556144
6985,1,2,0.17627734087821023,0.2624241140525903,0.5612985450691995
6986,1,0,0.4195937896670245,0.2747004386369457,0.3057057716960298
6987,1,2,0.3020701455601119,0.29853082758902366,0.3993990268508645
6988,2,2,0.06377262195618945,0.15492640301711533,0.7813009750266954
6989,2,0,0.564179289228553,0.2294434930858856,0.20637721768556144
6990,2,2,0.06377262195618945,0.15492640301711533,0.7813009750266954
6991,0,0,0.559647121177781,0.23108377205820776,0.20926910676401114
6992,2,2,0.30184569625472946,0.2985620443276762,0.3995922594175944
6993,2,2,0.32249400156936414,0.29543315066781467,0.3820728477628213
6994,2,0,0.44031825572846245,0.2691712027296465,0.2905105415418911
6995,0,0,0.4871022038479412,0.2554547190083956,0.25744307714366327
6996,2,2,0.06377262195618945,0.15492640301711533,0.7813009750266954
6997,2,2,0.22921247735821565,0.29261589477704686,0.47817162786473755
6998,0,2,0.1965735361828091,0.27514514605065765,0.5282813177665332
6999,1,2,0.13466604895463577,0.231123067028188,0.6342108840171762
7000,2,2,0.30733442369655134,0.2977806594305548,0.39488491687289384
7001,0,0,0.39212932974208753,0.2814702486377019,0.3264004216202105
7002,0,2,0.3241788554639127,0.2951556128649823,0.380665531671105
7003,2,2,0.06377262195618945,0.15492640301711533,0.7813009750266954
7004,2,2,0.06377262195618945,0.15492640301711533,0.7813009750266954
7005,2,2,0.21527744951642638,0.28558299800269704,0.4991395524808765
7006,2,2,0.3379854650312897,0.29276108508505627,0.36925344988365405
7007,0,0,0.5533789890525956,0.2333300985141226,0.21329091243328172
7008,2,2,0.15639961306918673,0.24841639685220493,0.5951839900786083
7009,2,0,0.5550712727215846,0.23272618103665557,0.2122025462417598
7010,0,0,0.564179289228553,0.2294434930858856,0.20637721768556144
7011,2,2,0.06377262195618945,0.15492640301711533,0.7813009750266954
7012,2,2,0.22378171921193615,0.28994794408944635,0.4862703366986176
7013,0,0,0.564179289228553,0.2294434930858856,0.20637721768556144
7014,0,2,0.09747525833627634,0.19570563302607777,0.7068191086376459
7015,0,2,0.31162492396975106,0.29714407668844023,0.39123099934180877
7016,0,2,0.06377262195618945,0.15492640301711533,0.7813009750266954
7017,1,2,0.16833492811244338,0.2570204225476038,0.5746446493399527
7018,0,2,0.1658943636510296,0.2553092336262375,0.578796402722733
7019,0,0,0.4718688025827807,0.2601019675033782,0.26802922991384115
7020,1,0,0.536712873315116,0.2391760668545063,0.22411105983037777
7021,0,0,0.377965889952011,0.2846985520807774,0.33733555796721165
7022,1,2,0.1401288352345901,0.23567992276954874,0.6241912419958612
7023,1,2,0.2996364288201977,0.2988659233504145,0.4014976478293878
7024,2,0,0.564179289228553,0.2294434930858856,0.20637721768556144
7025,2,2,0.06377262195618945,0.15492640301711533,0.7813009750266954
7026,2,2,0.06377262195618945,0.15492640301711533,0.7813009750266954
7027,2,2,0.06944366428557333,0.16254337416910683,0.7680129615453197
7028,0,0,0.564179289228553,0.2294434930858856,0.20637721768556144
7029,0,2,0.3053512977798458,0.298067291623007,0.39658141059714713
7030,2,0,0.35931842646853784,0.2886591155973947,0.3520224579340674
7031,2,2,0.2531183426391467,0.30329976861907515,0.44358188874177823
7032,0,2,0.1112736078065001,0.20981875921863713,0.6789076329748628
7033,2,2,0.16362549476783325,0.2536965244367775,0.5826779807953893
7034,0,2,0.06377262195618945,0.15492640301711533,0.7813009750266954
7035,1,2,0.27684112893042134,0.3016275909887705,0.42153128008080804
7036,2,0,0.36777152924948525,0.286905631990074,0.3453228387604409
7037,0,0,0.5067574520470126,0.24921076222951064,0.2440317857234767
7038,2,2,0.09688792894277427,0.19507609752408253,0.7080359735331432
7039,0,0,0.564179289228553,0.2294434930858856,0.20637721768556144
7040,2,2,0.06377262195618945,0.15492640301711533,0.7813009750266954
7041,0,0,0.564179289228553,0.2294434930858856,0.20637721768556144
7042,0,2,0.24438606465947188,0.2995930624277172,0.45602087291281085
7043,1,2,0.20856139033578236,0.2819702900171551,0.5094683196470625
7044,1,2,0.06486152016017228,0.15641699458342626,0.7787214852564014
7045,0,2,0.2856391901205753,0.3006445441408176,0.41371626573860715
7046,0,0,0.5197239648952028,0.24494279531045832,0.23533323979433887
7047,1,2,0.21123006640802233,0.28342360847944115,0.5053463251125365
7048,0,2,0.2996282478771895,0.2988670371409683,0.4015047149818422
7049,2,2,0.25213587642532886,0.3028937206556862,0.4449704029189849
7050,0,0,0.564179289228553,0.2294434930858856,0.20637721768556144
7051,2,2,0.21772253693211482,0.28686169559160574,0.4954157674762795
7052,1,2,0.2494005372818012,0.30174861051303525,0.4488508522051637
7053,2,2,0.06691920867377807,0.15919680602339553,0.7738839853028265
7054,0,2,0.19394726844904248,0.2735834755273295,0.532469256023628
7055,0,2,0.17859952544594737,0.2639574056956952,0.5574430688583575
7056,2,0,0.4686613016625294,0.26105861980663136,0.2702800785308392
7057,2,2,0.19858355825895857,0.2763240094617566,0.5250924322792848
7058,0,2,0.20789383869642297,0.28160304929996044,0.5105031120036165
7059,2,2,0.06377262195618945,0.15492640301711533,0.7813009750266954
7060,2,2,0.2912576172411658,0.2999615539434936,0.40878082881534067
7061,2,2,0.2924209099814327,0.2998148972404032,0.40776419277816395
7062,2,2,0.06377262195618945,0.15492640301711533,0.7813009750266954
7063,2,2,0.07314790535028368,0.16733258312140184,0.7595195115283144
7064,2,2,0.17633529348052335,0.2624626320239616,0.5612020744955151
7065,2,2,0.34160914166067374,0.2920979874224925,0.36629287091683377
7066,1,2,0.23184967740414633,0.2938785338021004,0.4742717887937532
7067,2,0,0.35788540848926975,0.2889493354005928,0.35316525611013755
7068,0,0,0.564179289228553,0.2294434930858856,0.20637721768556144
7069,0,0,0.564179289228553,0.2294434930858856,0.20637721768556144
7070,2,2,0.06377262195618945,0.15492640301711533,0.7813009750266954
7071,2,2,0.3350576505279881,0.2932864767440604,0.3716558727279516
7072,0,0,0.4436256763039484,0.26825672024265307,0.28811760345339854
7073,1,2,0.06377262195618945,0.15492640301711533,0.7813009750266954
7074,2,0,0.564179289228553,0.2294434930858856,0.20637721768556144
7075,2,2,0.31765489405234226,0.2962120370399466,0.3861330689077112
7076,2,0,0.5019883635779352,0.25075098963142595,0.24726064679063897
7077,1,2,0.06377262195618945,0.15492640301711533,0.7813009750266954
7078,1,2,0.28235558897602525,0.30102396024445993,0.4166204507795148
7079,2,2,0.06377262195618945,0.15492640301711533,0.7813009750266954
7080,1,2,0.24163256041867534,0.2983781019365498,0.45998933764477484
7081,1,2,0.29298621609879477,0.29974298691528944,0.40727079698591584
7082,2,0,0.3970746609347016,0.28030000406503836,0.32262533500026
7083,2,2,0.06377262195618945,0.15492640301711533,0.7813009750266954
7084,2,2,0.15951566670486614,0.2507205923984572,0.5897637408966766
7085,0,2,0.1692536387881193,0.25765831275834034,0.5730880484535403
7086,2,2,0.06377262195618945,0.15492640301711533,0.7813009750266954
7087,0,0,0.43602260681404326,0.2703459171827927,0.29363147600316397
7088,2,2,0.13220825572308204,0.2290241009380004,0.6387676433389176
7089,1,0,0.564179289228553,0.2294434930858856,0.20637721768556144
7090,0,0,0.564179289228553,0.2294434930858856,0.20637721768556144
7091,0,2,0.22647550542478903,0.29128279402892443,0.48224170054628657
7092,1,2,0.25008382898637155,0.30203668097950925,0.4478794900341193
7093,0,0,0.564179289228553,0.2294434930858856,0.20637721768556144
7094,0,0,0.564179289228553,0.2294434930858856,0.20637721768556144
7095,2,2,0.06377262195618945,0.15492640301711533,0.7813009750266954
7096,0,2,0.16863475922575447,0.25722897925984584,0.5741362615143997
7097,2,2,0.3462958087773067,0.29121961097286614,0.3624845802498271
7098,2,2,0.13635832630230124,0.232550519048936,0.6310911546487628
7099,2,2,0.09377650279113256,0.19169922376902687,0.7145242734398406
7100,1,2,0.2642528821288514,0.3028420812410993,0.43290503663004937
7101,0,2,0.31407878877368034,0.29677000709246987,0.38915120413384985
7102,2,2,0.15292756923324838,0.24579926219359427,0.6012731685731574
7103,1,2,0.2327222449908523,0.29429161079410565,0.47298614421504204
7104,2,0,0.564179289228553,0.2294434930858856,0.20637721768556144
7105,0,2,0.22487623177309413,0.29049304723933456,0.48463072098757126
7106,2,2,0.1400637583622377,0.23562650078536873,0.6243097408523937
7107,2,2,0.0857864785839683,0.18268922994712639,0.7315242914689054
7108,1,0,0.36707593840264807,0.287052577163362,0.34587148443398985
7109,0,0,0.422118409571275,0.27404573868062293,0.30383585174810207
7110,2,0,0.37579094405988056,0.2851777544577817,0.33903130148233757
7111,2,2,0.18450503241835814,0.2677643007499792,0.5477306668316626
7112,2,2,0.21867449422091342,0.28735432640754305,0.49397117937154356
7113,2,2,0.10039894415738405,0.19880302274497416,0.7007980330976419
7114,2,2,0.3228816958239178,0.2953695761016043,0.38174872807447796
7115,0,0,0.46994998672044574,0.2606751871437878,0.2693748261357665
7116,2,2,0.06377262195618945,0.15492640301711533,0.7813009750266954
7117,2,2,0.06377262195618945,0.15492640301711533,0.7813009750266954
7118,2,2,0.17912242696611227,0.26429981206927494,0.5565777609646128
7119,0,0,0.564179289228553,0.2294434930858856,0.20637721768556144
7120,2,2,0.1645577770470065,0.25436176251711845,0.581080460435875
7121,0,2,0.32399907342877793,0.29518538243894854,0.3808155441322735
7122,2,2,0.07056671723419314,0.16401030179650525,0.7654229809693016
7123,1,2,0.23557346436822482,0.295625242507301,0.46880129312447405
7124,2,2,0.23801306849701445,0.2967468487791412,0.4652400827238443
7125,2,2,0.1606631391742257,0.2515586414133962,0.5877782194123782
7126,1,0,0.564179289228553,0.2294434930858856,0.20637721768556144
7127,0,0,0.564179289228553,0.2294434930858856,0.20637721768556144
7128,2,2,0.32513190340481984,0.2949971844226396,0.37987091217254065
7129,2,0,0.4224427514572858,0.27396124339661865,0.3035960051460956
7130,0,2,0.1839021462561173,0.2673816601717186,0.5487161935721642
7131,0,0,0.3920013792893108,0.28150023477270886,0.3264983859379803
7132,2,2,0.13192246488274015,0.22877802870282504,0.6392995064144349
7133,2,2,0.06377262195618945,0.15492640301711533,0.7813009750266954
7134,2,2,0.3159963878779392,0.29647268912442937,0.38753092299763137
7135,2,0,0.5476192808477046,0.23537134380787708,0.2170093753444184
7136,2,2,0.2819118094216413,0.30107410388981154,0.4170140866885472
7137,1,2,0.08575052566038605,0.18264753445730736,0.7316019398823065
7138,2,2,0.06377262195618945,0.15492640301711533,0.7813009750266954
7139,1,2,0.25341256691146574,0.30342083238720396,0.44316660070133024
7140,0,2,0.34498004527396325,0.2914685556355671,0.36355139909046963
7141,2,2,0.1155383407306804,0.21393466963143376,0.6705269896378859
7142,2,0,0.4103842748585972,0.2770432175021288,0.3125725076392741
7143,0,0,0.564179289228553,0.2294434930858856,0.20637721768556144
7144,0,2,0.27548162091687417,0.3017698326938854,0.4227485463892405
7145,2,2,0.295501708168344,0.2994179435640433,0.4050803482676128
7146,2,2,0.11013505290491513,0.20870111368496905,0.6811638334101159
7147,0,0,0.564179289228553,0.2294434930858856,0.20637721768556144
7148,2,2,0.2235514786799249,0.28983279761294256,0.48661572370713263
7149,2,2,0.07262965159428023,0.16667094354035564,0.7606994048653641
7150,0,2,0.30149080532346345,0.2986112738428024,0.39989792083373416
7151,0,0,0.564179289228553,0.2294434930858856,0.20637721768556144
7152,2,2,0.17879958242424648,0.2640885304113242,0.5571118871644293
7153,2,2,0.08750414336343573,0.18466888548136737,0.7278269711551968
7154,2,2,0.17664660570503152,0.26266932204510823,0.5606840722498603
7155,2,0,0.5256955504832009,0.24293819619012166,0.23136625332667743
7156,2,2,0.08259926676536834,0.17895080152308201,0.7384499317115496
7157,2,2,0.06377262195618945,0.15492640301711533,0.7813009750266954
7158,2,2,0.09740147071861018,0.19562667883996437,0.7069718504414254
7159,0,0,0.564179289228553,0.2294434930858856,0.20637721768556144
7160,0,2,0.21153203433611362,0.28358657127281234,0.5048813943910742
7161,0,0,0.4612992809564165,0.26322514292131455,0.27547557612226886
7162,0,2,0.28375369590729904,0.30086421329520535,0.41538209079749566
7163,2,0,0.4253650508025531,0.27319601299228824,0.3014389362051587
7164,2,2,0.10735018796573878,0.20593305831121597,0.6867167537230453
7165,0,2,0.19449735742052912,0.2739125956542339,0.531590046925237
7166,0,2,0.2893918085569869,0.30019304283831555,0.41041514860469763
7167,2,2,0.17838632874890273,0.2638175001722182,0.5577961710788791
7168,2,0,0.46444106201637264,0.2623055737310233,0.27325336425260416
7169,2,2,0.09418781935700081,0.1921497230808998,0.7136624575620995
7170,2,2,0.2528475332436647,0.3031881204996922,0.4439643462566432
7171,2,2,0.06377262195618945,0.15492640301711533,0.7813009750266954
7172,0,0,0.564179289228553,0.2294434930858856,0.20637721768556144
7173,2,2,0.14342739753674436,0.23836105725723783,0.6182115452060177
7174,0,0,0.517056267047239,0.24583039765681136,0.23711333529594958
7175,0,2,0.19976305020873486,0.2770092229655829,0.5232277268256822
7176,0,2,0.15206046926563782,0.24513736103351033,0.6028021697008519
7177,0,0,0.4061390278798926,0.27809876953551327,0.3157622025845941
7178,2,2,0.15920542742735103,0.25049304974873093,0.590301522823918
7179,2,2,0.2530005049413326,0.3032512127930912,0.4437482822655763
7180,1,2,0.2998858165543002,0.2988319298178757,0.4012822536278241
7181,1,2,0.1980261006297001,0.2759984780331748,0.5259754213371252
7182,0,2,0.10520960382869564,0.20377158045266952,0.6910188157186349
7183,0,0,0.564179289228553,0.2294434930858856,0.20637721768556144
7184,2,0,0.41627875387344754,0.27555200684557135,0.30816923928098106
7185,1,2,0.08399958974700523,0.1806038874495636,0.7353965228034312
7186,2,2,0.06377262195618945,0.15492640301711533,0.7813009750266954
7187,1,2,0.26081535965774805,0.30313269778008245,0.43605194256216956
7188,0,0,0.44505108441982233,0.26785993487628845,0.2870889807038891
7189,2,0,0.5166757081092297,0.2459566179580734,0.23736767393269692
7190,2,2,0.06377262195618945,0.15492640301711533,0.7813009750266954
7191,1,2,0.3336331450959201,0.29353871602394843,0.37282813888013155
7192,1,2,0.3014753294956207,0.2986134170019678,0.39991125350241147
7193,2,2,0.2390473421167956,0.2972169658327529,0.4637356920504515
7194,1,2,0.2677404021129943,0.3025289595236238,0.4297306383633818
7195,0,2,0.082682346084024,0.1790493463762289,0.7382683075397471
7196,0,2,0.2603808906519073,0.303168138573604,0.4364509707744887
7197,0,0,0.564179289228553,0.2294434930858856,0.20637721768556144
7198,2,0,0.41910095454965024,0.27482762238458625,0.3060714230657635
7199,1,2,0.2624521249281193,0.30299657373985683,0.43455130133202385
7200,2,2,0.15699610037291412,0.24886071271457996,0.5941431869125059
7201,2,0,0.5049329907969986,0.24980188105016993,0.24526512815283152
7202,0,0,0.4156517915980036,0.27571202045585486,0.3086361879461417
7203,0,0,0.564179289228553,0.2294434930858856,0.20637721768556144
7204,2,2,0.2305145614214667,0.29324197634882554,0.4762434622297078
7205,2,2,0.1721863670485594,0.25967196079901245,0.5681416721524281
7206,1,2,0.06805219090634357,0.16070728907513207,0.7712405200185243
7207,2,2,0.09150635037986422,0.18918989738340253,0.7193037522367333
7208,1,0,0.564179289228553,0.2294434930858856,0.20637721768556144
7209,2,2,0.06377262195618945,0.15492640301711533,0.7813009750266954
7210,0,0,0.564179289228553,0.2294434930858856,0.20637721768556144
7211,0,0,0.4863085118083763,0.25570103990324683,0.257990448288377
7212,2,2,0.22876696491911208,0.2924004790288064,0.47883255605208164
7213,0,0,0.36038502512244547,0.28844176821236944,0.35117320666518514
7214,1,0,0.3936859153231955,0.2811042695972798,0.3252098150795246
7215,2,2,0.06377262195618945,0.15492640301711533,0.7813009750266954
7216,0,2,0.06377262195618945,0.15492640301711533,0.7813009750266954
7217,1,2,0.12205166268042579,0.22001377759995608,0.6579345597196181
7218,1,2,0.14441728666763898,0.23915555740928796,0.6164271559230732
7219,0,2,0.31418002542383605,0.29675441987676143,0.3890655546994025
7220,2,2,0.06377262195618945,0.15492640301711533,0.7813009750266954
7221,0,0,0.564179289228553,0.2294434930858856,0.20637721768556144
7222,1,2,0.20278653197672145,0.2787437572635218,0.5184697107597568
7223,2,2,0.2670200473627503,0.302595127311971,0.43038482532527866
7224,1,2,0.3008633323761989,0.2986979270410241,0.400438740582777
7225,0,2,0.22118310654534307,0.28863863062742523,0.4901782628272317
7226,2,2,0.06377262195618945,0.15492640301711533,0.7813009750266954
7227,1,2,0.18619270600863372,0.2688282703777726,0.5449790236135937
7228,0,0,0.43184042219424257,0.2714753523619897,0.2966842254437677
7229,2,2,0.28968505024756447,0.3001569666655295,0.410157983086906
7230,2,2,0.09141066380086278,0.18908326779257714,0.7195060684065601
7231,0,0,0.4136716043592736,0.27621521946321614,0.31011317617751033
7232,1,2,0.34394087319291533,0.29166387919819126,0.3643952476088933
7233,2,2,0.12845363919928424,0.2257574300643298,0.6457889307363859
7234,2,0,0.363149748910733,0.2878731067333687,0.3489771443558983
7235,0,0,0.564179289228553,0.2294434930858856,0.20637721768556144
7236,1,2,0.12280036397546364,0.2206970921543725,0.6565025438701638
7237,2,2,0.3512831834585671,0.29025957314729584,0.358457243394137
7238,1,2,0.15569805399938472,0.24789183697265582,0.5964101090279594
7239,1,0,0.4593670417522851,0.26378696599326923,0.2768459922544457
7240,2,0,0.5151862777798721,0.24644965584010112,0.23836406638002677
7241,0,0,0.5335473968208178,0.24026540710771987,0.22618719607146243
7242,0,2,0.27991473426544183,0.30129638278791515,0.418788882946643
7243,0,2,0.13828588675379747,0.2341590599347425,0.62755505331146
7244,0,0,0.36912533070817377,0.28661828845476583,0.34425638083706045
7245,0,2,0.34190975952732494,0.29204234497416737,0.36604789549850764
7246,2,2,0.12640386819530555,0.22394264857913174,0.6496534832255627
7247,0,0,0.564179289228553,0.2294434930858856,0.20637721768556144
7248,0,2,0.09310775061617026,0.19096406367723845,0.7159281857065913
7249,1,2,0.23557318858756252,0.29562511470418773,0.4688016967082498
7250,1,0,0.47003683488969444,0.2606493018402033,0.26931386327010237
7251,1,2,0.084214360042946,0.18085594700038238,0.7349296929566717
7252,2,2,0.10130553103669468,0.1997513634008003,0.698943105562505
7253,2,2,0.1977008221284977,0.27580802892012757,0.5264911489513746
7254,2,2,0.06377262195618945,0.15492640301711533,0.7813009750266954
7255,1,2,0.17516029687327242,0.2616791287708913,0.5631605743558362
7256,2,2,0.1531456020110224,0.24596517178573135,0.6008892262032463
7257,0,0,0.564179289228553,0.2294434930858856,0.20637721768556144
7258,2,2,0.17642218439626542,0.26252035937045815,0.5610574562332764
7259,1,2,0.29059480141584315,0.30004431715721297,0.4093608814269438
7260,2,2,0.06377262195618945,0.15492640301711533,0.7813009750266954
7261,1,2,0.298616031542069,0.2990041881881385,0.4023797802697924
7262,2,2,0.17380209071561792,0.26076675471625266,0.5654311545681294
7263,0,2,0.27265171392900006,0.3020574394391337,0.4252908466318662
7264,2,2,0.12190960192545511,0.21988377010760793,0.658206627966937
7265,0,0,0.44837979560404295,0.2669271127662456,0.28469309162971135
7266,2,0,0.564179289228553,0.2294434930858856,0.20637721768556144
7267,2,2,0.33969852470022094,0.29244937089314,0.36785210440663907
7268,1,0,0.5292034953024705,0.241749256426776,0.2290472482707536
7269,1,0,0.44402618903737806,0.26814539296133333,0.28782841800128867
7270,0,2,0.28697421704393,0.3004860891427416,0.41253969381332833
7271,2,0,0.4187182646493374,0.27492624106456054,0.306355494286102
7272,2,2,0.21449333299740467,0.28516883016677197,0.5003378368358233
7273,0,2,0.1473538210563492,0.24148549074497508,0.6111606881986758
7274,2,2,0.06377262195618945,0.15492640301711533,0.7813009750266954
7275,1,2,0.16691766527620736,0.2560296704372192,0.5770526642865735
7276,1,2,0.20565367110167723,0.2803597521291149,0.5139865767692078
7277,2,0,0.39758926904722747,0.2801769738473583,0.32223375710541424
7278,2,2,0.06377262195618945,0.15492640301711533,0.7813009750266954
7279,0,0,0.4537268720920886,0.2654105704896793,0.28086255741823196
7280,0,0,0.564179289228553,0.2294434930858856,0.20637721768556144
7281,1,0,0.3629389332118568,0.2879167354106812,0.349144331377462
7282,1,2,0.28484329085235843,0.30073786082909376,0.41441884831854786
7283,2,2,0.06852570442585522,0.16133443358180846,0.7701398619923363
7284,2,2,0.15508931080903582,0.24743493716910117,0.597475752021863
7285,2,2,0.07499037339023885,0.16966331152336994,0.7553463150863912
7286,2,2,0.19242934339340406,0.27266971412406643,0.5349009424825295
7287,0,0,0.564179289228553,0.2294434930858856,0.20637721768556144
7288,2,2,0.19184253097916198,0.27231425939440645,0.5358432096264316
7289,1,2,0.28083235376814925,0.3011949372666347,0.4179727089652161
7290,2,0,0.564179289228553,0.2294434930858856,0.20637721768556144
7291,2,2,0.337156877661086,0.2929107194347524,0.36993240290416163
7292,2,2,0.07108264733604341,0.16467980161975748,0.7642375510441991
7293,0,2,0.2048509490700472,0.2799101271061101,0.5152389238238426
7294,1,2,0.3032246414662939,0.29836926052398677,0.3984060980097194
7295,0,2,0.2501418959429091,0.30206109940865505,0.44779700464843597
7296,2,2,0.12751162608376032,0.2249261999752457,0.647562173940994
7297,0,2,0.06377262195618945,0.15492640301711533,0.7813009750266954
7298,0,0,0.48667811970522445,0.25558638955036,0.2577354907444155
7299,2,0,0.42952294956079395,0.27209509991204023,0.2983819505271659
7300,2,2,0.24814334040979386,0.3012150571582438,0.4506416024319624
7301,2,2,0.29795057562935573,0.2990936430537203,0.40295578131692394
7302,1,2,0.14935153946773166,0.24304778989487322,0.6076006706373951
7303,2,2,0.09937448206939523,0.19772452844466598,0.7029009894859387
7304,2,2,0.14818744732978875,0.24213964182468475,0.6096729108455264
7305,1,2,0.06377262195618945,0.15492640301711533,0.7813009750266954
7306,1,2,0.2118321751777458,0.28374825035270573,0.5044195744695484
7307,0,0,0.564179289228553,0.2294434930858856,0.20637721768556144
7308,1,0,0.4870557763242478,0.25546914027425077,0.2574750834015015
7309,2,0,0.4867415558288005,0.25556670205563564,0.25769174211556395
7310,0,0,0.39940561280987286,0.2797408520927783,0.3208535350973488
7311,2,2,0.06377262195618945,0.15492640301711533,0.7813009750266954
7312,2,0,0.3832418211424208,0.2835176530701774,0.33324052578740193
7313,1,2,0.3549146112389475,0.28954439374156205,0.3555409950194905
7314,1,2,0.1928121733596771,0.2729009449909193,0.5342868816494035
7315,0,0,0.4908447970993074,0.2542870754839903,0.2548681274167023
7316,1,2,0.2632503823224567,0.3029286975395525,0.4338209201379908
7317,1,2,0.14689045134234163,0.24112049915208325,0.6119890495055752
7318,2,2,0.12508926044189259,0.2227668499650575,0.6521438895930498
7319,0,0,0.5284136837740881,0.24201767597386956,0.2295686402520422
7320,2,0,0.4120144459580212,0.27663377035198616,0.3113517836899926
7321,1,2,0.1260643115309444,0.2236398423385797,0.6502958461304759
7322,0,0,0.564179289228553,0.2294434930858856,0.20637721768556144
7323,2,2,0.21360256223508547,0.2846958983550781,0.5017015394098365
7324,2,2,0.06377262195618945,0.15492640301711533,0.7813009750266954
7325,2,2,0.25795678752761714,0.3033605024581777,0.4386827100142052
7326,0,2,0.22170311368395187,0.28890234611820537,0.4893945401978427
7327,0,0,0.564179289228553,0.2294434930858856,0.20637721768556144
7328,0,0,0.3590488096680131,0.2887138767698137,0.3522373135621731
7329,1,0,0.4021709500032107,0.27907127372128776,0.3187577762755015
7330,0,2,0.27712353181079147,0.30159771483878867,0.4212787533504199
7331,2,2,0.1189034012267762,0.21710589795201468,0.663990700821209
7332,2,2,0.31939784520095826,0.2959346352417692,0.38466751955727246
7333,2,2,0.27158965951371267,0.30216239429254377,0.42624794619374357
7334,0,0,0.3753047836197007,0.28528425677265445,0.3394109596076448
7335,1,2,0.09334906774146079,0.19122973096584125,0.715421201292698
7336,2,2,0.2731188715495422,0.3020107561156511,0.4248703723348066
7337,2,2,0.09271211535376854,0.1905275569970303,0.7167603276492012
7338,2,2,0.1507922320755129,0.2441632020378938,0.6050445658865933
7339,2,2,0.289116595902575,0.3002267968111795,0.41065660728624565
7340,0,0,0.44026652229619545,0.26918543773630144,0.2905480399675031
7341,1,2,0.09047427963044262,0.18803606621950597,0.7214896541500515
7342,0,2,0.255210196889575,0.303567322353629,0.44122248075679604
7343,0,0,0.4873148918532615,0.2553886341446385,0.2572964740021
7344,0,0,0.564179289228553,0.2294434930858856,0.20637721768556144
7345,0,2,0.10959046166499505,0.20816366484091395,0.682245873494091
7346,0,2,0.3034858141751295,0.29833247921947087,0.39818170660539964
7347,2,2,0.13070205439599633,0.22772247748633717,0.6415754681176664
7348,1,0,0.43610413584742697,0.27032375938355796,0.29357210476901513
7349,2,0,0.3642976263104434,0.2876347811693409,0.3480675925202157
7350,1,0,0.564179289228553,0.2294434930858856,0.20637721768556144
7351,0,2,0.2970397333450893,0.29921516555211697,0.40374510110279366
7352,0,2,0.10357157336384165,0.20209725800374342,0.6943311686324148
7353,2,2,0.06377262195618945,0.15492640301711533,0.7813009750266954
7354,2,2,0.1132692297978319,0.211758456771159,0.674972313431009
7355,2,2,0.22522527607572362,0.29066609281809114,0.48410863110618535
7356,1,0,0.5302023223010829,0.24140919567417085,0.22838848202474618
7357,1,2,0.2266243513619819,0.2913558905777029,0.48201975806031533
7358,2,2,0.15502567743485796,0.2473870827999103,0.5975872397652318
7359,1,2,0.07197382266118502,0.16582979809571768,0.7621963792430974
7360,2,2,0.23203035650033657,0.29396425888334976,0.4740053846163138
7361,0,0,0.564179289228553,0.2294434930858856,0.20637721768556144
7362,2,2,0.06377262195618945,0.15492640301711533,0.7813009750266954
7363,2,2,0.07217093924538034,0.16608307017070104,0.7617459905839187
7364,2,2,0.2975485910179745,0.2991474060362313,0.4033040029457942
7365,2,2,0.21097046381164397,0.2832832685284696,0.5057462676598864
7366,2,2,0.2638235552651039,0.3028793619450771,0.43329708278981893
7367,2,2,0.06377262195618945,0.15492640301711533,0.7813009750266954
7368,0,2,0.2656722661044029,0.3027168462202314,0.4316108876753657
7369,0,2,0.09667095514233591,0.19484290417818306,0.708486140679481
7370,2,0,0.4192091513291769,0.2747997179568856,0.30599113071393735
7371,0,0,0.564179289228553,0.2294434930858856,0.20637721768556144
7372,2,2,0.09332747890331644,0.19120598153428583,0.7154665395623978
7373,1,0,0.39247973261783864,0.28138805350437435,0.32613221387778707
7374,0,2,0.09743063505113964,0.19565788990026498,0.7069114750485953
7375,0,0,0.5262260009165678,0.24275894978916626,0.23101504929426592
7376,2,2,0.19367765224246142,0.2734217710003655,0.532900576757173
7377,0,2,0.33592000384980575,0.29313269870851744,0.3709472974416768
7378,1,2,0.32609600027620206,0.29483586757536934,0.37906813214842855
7379,0,0,0.3825657095674593,0.28367043581155105,0.3337638546209896
7380,2,2,0.06377262195618945,0.15492640301711533,0.7813009750266954
7381,2,2,0.30761971470939,0.2977390268506037,0.3946412584400063
7382,0,2,0.11118978891570833,0.20973675393935354,0.6790734571449382
7383,1,2,0.06377262195618945,0.15492640301711533,0.7813009750266954
7384,2,2,0.180238802856962,0.2650273493328194,0.5547338478102186
7385,0,2,0.31871266376975665,0.2960441098505516,0.38524322637969177
7386,1,2,0.15780629826287199,0.24946175501715617,0.5927319467199719
7387,0,0,0.44690864529011076,0.2673404526534952,0.28575090205639403
7388,0,0,0.4970446275336689,0.25233065997435516,0.2506247124919759
7389,1,2,0.1724523845658181,0.2598529191804799,0.567694696253702
7390,1,2,0.3382908809472853,0.29270574258981624,0.36900337646289844
7391,0,2,0.29149885198859526,0.2999312878753229,0.40856986013608193
7392,0,2,0.2092658008273085,0.2823561969128852,0.5083780022598063
7393,0,2,0.2895639695767383,0.30017187653220834,0.41026415389105336
7394,2,2,0.2812045371347084,0.3011534576974551,0.4176420051678366
7395,0,0,0.377084523470648,0.2848932810483805,0.33802219548097157
7396,2,2,0.10507200592086655,0.20363161657788761,0.6912963775012458
7397,2,0,0.529729804144956,0.241570153671133,0.22870004218391105
7398,0,2,0.23549057611239976,0.2955868198406517,0.4689226040469486
7399,2,2,0.07600536226346007,0.1709331946321962,0.7530614431043439
7400,2,2,0.25856729579377374,0.3033129184626325,0.4381197857435938
7401,1,0,0.3912772496291144,0.2816696611920132,0.3270530891788724
7402,0,2,0.08147824924485922,0.17761524366004647,0.7409065070950943
7403,2,2,0.23759911323450655,0.2965577929305402,0.46584309383495326
7404,2,2,0.17753095059951882,0.26325442507734415,0.5592146243231371
7405,1,2,0.18297156265825404,0.26678837707055053,0.5502400602711954
7406,2,2,0.13738888240437455,0.23341279988942393,0.6291983177062015
7407,0,0,0.47908599293777615,0.25792146355312096,0.2629925435091029
7408,2,0,0.564179289228553,0.2294434930858856,0.20637721768556144
7409,2,2,0.31010492234756476,0.2973721560582842,0.39252292159415103
7410,0,2,0.3050069811756845,0.29811656301206696,0.3968764558122487
7411,1,2,0.3248534981266208,0.29504357174304646,0.3801029301303327
7412,2,2,0.226926172601423,0.2915038998641453,0.48156992753443173
7413,1,0,0.564179289228553,0.2294434930858856,0.20637721768556144
7414,0,0,0.40485134378835436,0.27841586180431177,0.3167327944073339
7415,0,0,0.4631740450815636,0.26267731755209067,0.2741486373663457
7416,0,2,0.29946606094690814,0.29888910045820405,0.4016448385948878
7417,2,2,0.06377262195618945,0.15492640301711533,0.7813009750266954
7418,2,2,0.06377262195618945,0.15492640301711533,0.7813009750266954
7419,1,0,0.488969540853799,0.2548733963409295,0.25615706280527156
7420,0,2,0.18351204902938587,0.2671333515993724,0.5493545993712416
7421,0,0,0.4183638050775107,0.27501747523221576,0.30661871969027354
7422,2,0,0.4992438570307328,0.25163008144862614,0.24912606152064098
7423,2,0,0.3608471810446575,0.2883472389756163,0.3508055799797262
7424,2,2,0.06377262195618945,0.15492640301711533,0.7813009750266954
7425,1,0,0.39272284922840933,0.2813309597975295,0.32594619097406125
7426,2,2,0.24988610245620305,0.3019534596537017,0.4481604378900954
7427,2,2,0.3020528387859377,0.2985332368920763,0.3994139243219861
7428,2,2,0.06377262195618945,0.15492640301711533,0.7813009750266954
7429,2,2,0.2860656898274648,0.3005941846706956,0.4133401255018397
7430,1,0,0.3604558281993193,0.28842729999317146,0.35111687180750917
7431,2,2,0.08862204710778926,0.18594445289506228,0.7254334999971483
7432,2,2,0.16088269974202984,0.25171836011210275,0.5873989401458675
7433,0,2,0.1028635765931642,0.20136803995312696,0.6957683834537088
